date_time,maxtempC,mintempC,totalSnow_cm,sunHour,uvIndex,moon_illumination,moonrise,moonset,sunrise,sunset,DewPointC,FeelsLikeC,HeatIndexC,WindChillC,WindGustKmph,cloudcover,humidity,precipMM,pressure,tempC,visibility,winddirDegree,windspeedKmph,location
2021-01-01,10,4,0.0,7.0,2,83,07:46 PM,09:47 AM,07:49 AM,05:23 PM,4,3,6,3,27,46,84,0.8,1017,10,10,307,16,"Portugal,+Viana+do+Alentejo"
2021-01-02,10,3,0.0,8.7,3,76,08:52 PM,10:26 AM,07:49 AM,05:24 PM,3,3,5,3,24,3,83,0.0,1018,10,10,319,14,"Portugal,+Viana+do+Alentejo"
2021-01-03,10,1,0.0,8.7,3,69,10:00 PM,11:01 AM,07:49 AM,05:24 PM,2,3,5,3,14,13,82,0.0,1020,10,10,313,8,"Portugal,+Viana+do+Alentejo"
2021-01-04,10,3,0.0,7.0,2,62,11:08 PM,11:33 AM,07:50 AM,05:25 PM,2,4,5,4,13,32,80,0.0,1016,10,10,302,7,"Portugal,+Viana+do+Alentejo"
2021-01-05,9,1,0.0,8.7,2,56,No moonrise,12:02 PM,07:50 AM,05:26 PM,1,2,4,2,14,10,79,0.0,1013,9,10,98,8,"Portugal,+Viana+do+Alentejo"
2021-01-06,7,-0,0.0,7.0,1,49,12:16 AM,12:30 PM,07:50 AM,05:27 PM,-2,-1,3,-1,29,26,68,0.0,1011,7,10,60,17,"Portugal,+Viana+do+Alentejo"
2021-01-07,8,2,0.0,5.3,2,42,01:25 AM,01:00 PM,07:49 AM,05:28 PM,-1,1,4,1,25,68,69,0.0,1010,8,10,42,15,"Portugal,+Viana+do+Alentejo"
2021-01-08,7,3,0.0,7.0,2,35,02:35 AM,01:33 PM,07:49 AM,05:29 PM,-1,0,5,0,34,76,69,0.0,1006,7,10,34,24,"Portugal,+Viana+do+Alentejo"
2021-01-09,5,-1,1.4,5.4,1,28,03:48 AM,02:11 PM,07:49 AM,05:30 PM,-2,-2,2,-2,22,66,79,1.7,1005,5,7,287,14,"Portugal,+Viana+do+Alentejo"
2021-01-10,7,-0,0.6,7.0,1,22,05:01 AM,02:55 PM,07:49 AM,05:31 PM,1,-0,3,-0,20,59,85,0.7,1012,7,8,71,14,"Portugal,+Viana+do+Alentejo"
2021-01-11,8,-1,0.0,8.7,2,15,06:12 AM,03:47 PM,07:49 AM,05:32 PM,-3,-0,3,-0,23,5,70,0.0,1023,8,10,31,13,"Portugal,+Viana+do+Alentejo"
2021-01-12,10,-1,0.0,8.7,2,8,07:17 AM,04:47 PM,07:49 AM,05:33 PM,-2,2,4,2,12,0,69,0.0,1030,10,10,58,6,"Portugal,+Viana+do+Alentejo"
2021-01-13,12,0,0.0,8.7,3,1,08:14 AM,05:52 PM,07:48 AM,05:34 PM,-1,5,6,5,11,6,72,0.0,1031,12,10,184,6,"Portugal,+Viana+do+Alentejo"
2021-01-14,11,1,0.0,8.7,3,5,09:02 AM,07:00 PM,07:48 AM,05:35 PM,2,3,5,3,18,28,85,0.0,1030,11,9,338,10,"Portugal,+Viana+do+Alentejo"
2021-01-15,13,2,0.0,8.7,3,12,09:41 AM,08:06 PM,07:48 AM,05:36 PM,3,5,6,5,15,5,80,0.0,1028,13,9,189,8,"Portugal,+Viana+do+Alentejo"
2021-01-16,13,3,0.0,8.7,3,19,10:14 AM,09:10 PM,07:47 AM,05:37 PM,3,5,7,5,13,2,79,0.0,1028,13,10,76,7,"Portugal,+Viana+do+Alentejo"
2021-01-17,14,3,0.0,8.7,3,26,10:42 AM,10:11 PM,07:47 AM,05:38 PM,2,7,9,7,15,15,72,0.0,1029,14,10,65,8,"Portugal,+Viana+do+Alentejo"
2021-01-18,14,3,0.0,8.7,3,33,11:08 AM,11:11 PM,07:47 AM,05:39 PM,1,6,8,6,16,5,68,0.0,1027,14,10,82,8,"Portugal,+Viana+do+Alentejo"
2021-01-19,12,4,0.0,3.7,2,39,11:33 AM,No moonset,07:46 AM,05:40 PM,6,6,8,6,20,57,87,0.2,1023,12,8,161,12,"Portugal,+Viana+do+Alentejo"
2021-01-20,14,10,0.0,3.7,3,46,11:57 AM,12:08 AM,07:46 AM,05:41 PM,9,8,11,8,38,90,89,21.7,1012,14,9,221,24,"Portugal,+Viana+do+Alentejo"
2021-01-21,14,3,0.0,3.7,3,53,12:21 PM,01:06 AM,07:45 AM,05:42 PM,11,8,10,8,35,89,95,2.2,1017,14,9,230,21,"Portugal,+Viana+do+Alentejo"
2021-01-22,12,7,0.0,3.7,3,60,12:49 PM,02:04 AM,07:45 AM,05:44 PM,8,8,11,8,38,60,85,0.8,1018,12,10,271,24,"Portugal,+Viana+do+Alentejo"
2021-01-23,13,5,0.0,3.8,3,66,01:20 PM,03:03 AM,07:44 AM,05:45 PM,9,7,9,7,34,78,91,1.9,1019,13,8,242,22,"Portugal,+Viana+do+Alentejo"
2021-01-24,14,10,0.0,3.8,3,73,01:57 PM,04:02 AM,07:43 AM,05:46 PM,11,10,12,10,21,89,95,0.7,1016,14,6,246,13,"Portugal,+Viana+do+Alentejo"
2021-01-25,16,11,0.0,3.8,3,80,02:39 PM,05:02 AM,07:43 AM,05:47 PM,12,12,13,12,27,84,92,0.7,1019,16,10,251,18,"Portugal,+Viana+do+Alentejo"
2021-01-26,16,13,0.0,3.8,3,87,03:30 PM,05:59 AM,07:42 AM,05:48 PM,14,14,15,14,19,100,97,3.0,1024,16,4,269,13,"Portugal,+Viana+do+Alentejo"
2021-01-27,17,12,0.0,3.8,3,93,04:28 PM,06:53 AM,07:41 AM,05:49 PM,13,14,14,14,10,76,93,0.0,1027,17,3,245,6,"Portugal,+Viana+do+Alentejo"
2021-01-28,20,11,0.0,8.7,4,100,05:32 PM,07:42 AM,07:41 AM,05:50 PM,11,14,14,14,12,12,87,0.0,1024,20,9,160,7,"Portugal,+Viana+do+Alentejo"
2021-01-29,15,10,0.0,3.8,3,93,06:40 PM,08:24 AM,07:40 AM,05:51 PM,11,12,12,12,11,66,93,0.0,1023,15,6,259,6,"Portugal,+Viana+do+Alentejo"
2021-01-30,14,8,0.0,7.1,3,86,07:49 PM,09:01 AM,07:39 AM,05:53 PM,9,9,12,9,29,66,86,1.0,1021,14,8,272,20,"Portugal,+Viana+do+Alentejo"
2021-01-31,14,9,0.0,3.8,3,79,08:59 PM,09:35 AM,07:38 AM,05:54 PM,11,10,12,10,25,95,92,0.6,1022,14,10,264,17,"Portugal,+Viana+do+Alentejo"
2021-02-01,16,10,0.0,8.7,3,73,10:08 PM,10:05 AM,07:37 AM,05:55 PM,11,11,12,11,18,57,89,0.1,1021,16,8,270,12,"Portugal,+Viana+do+Alentejo"
2021-02-02,15,11,0.0,3.8,3,66,11:18 PM,10:34 AM,07:36 AM,05:56 PM,11,11,13,11,20,75,89,0.6,1019,15,10,214,13,"Portugal,+Viana+do+Alentejo"
2021-02-03,15,10,0.0,3.8,3,59,No moonrise,11:03 AM,07:35 AM,05:57 PM,11,11,12,11,24,83,90,4.8,1014,15,9,210,16,"Portugal,+Viana+do+Alentejo"
2021-02-04,10,8,0.0,3.8,2,52,12:27 AM,11:35 AM,07:35 AM,05:58 PM,9,9,10,9,13,96,95,29.8,1010,10,6,115,8,"Portugal,+Viana+do+Alentejo"
2021-02-05,12,8,0.0,5.5,3,46,01:39 AM,12:10 PM,07:34 AM,05:59 PM,9,7,10,7,22,94,95,8.8,1001,12,7,118,15,"Portugal,+Viana+do+Alentejo"
2021-02-06,9,6,0.0,6.9,2,39,02:49 AM,12:51 PM,07:33 AM,06:00 PM,7,5,8,5,38,81,89,8.0,1005,9,8,294,25,"Portugal,+Viana+do+Alentejo"
2021-02-07,10,3,0.0,6.9,2,32,03:59 AM,01:39 PM,07:32 AM,06:01 PM,6,4,7,4,31,58,88,1.4,1012,10,7,274,20,"Portugal,+Viana+do+Alentejo"
2021-02-08,13,7,0.0,8.5,3,25,05:05 AM,02:34 PM,07:31 AM,06:03 PM,8,8,10,8,33,74,87,12.4,1010,13,9,267,21,"Portugal,+Viana+do+Alentejo"
2021-02-09,12,9,0.0,5.4,3,18,06:04 AM,03:36 PM,07:29 AM,06:04 PM,9,7,10,7,43,87,92,23.4,1009,12,8,232,27,"Portugal,+Viana+do+Alentejo"
2021-02-10,12,4,0.0,5.4,3,12,06:54 AM,04:42 PM,07:28 AM,06:05 PM,10,8,10,8,22,85,95,1.1,1015,12,7,236,13,"Portugal,+Viana+do+Alentejo"
2021-02-11,17,12,0.0,5.4,3,5,07:36 AM,05:49 PM,07:27 AM,06:06 PM,13,13,14,13,21,93,94,2.8,1020,17,9,219,14,"Portugal,+Viana+do+Alentejo"
2021-02-12,16,9,0.0,8.5,3,2,08:11 AM,06:54 PM,07:26 AM,06:07 PM,10,11,11,11,13,70,90,0.4,1024,16,7,291,8,"Portugal,+Viana+do+Alentejo"
2021-02-13,16,8,0.0,10.8,4,9,08:41 AM,07:57 PM,07:25 AM,06:08 PM,7,11,11,11,8,13,78,0.0,1026,16,10,136,4,"Portugal,+Viana+do+Alentejo"
2021-02-14,17,7,0.0,10.9,4,15,09:08 AM,08:57 PM,07:24 AM,06:09 PM,7,10,11,10,14,13,76,0.0,1026,17,10,83,7,"Portugal,+Viana+do+Alentejo"
2021-02-15,17,7,0.0,10.9,4,22,09:33 AM,09:56 PM,07:23 AM,06:10 PM,8,10,11,10,21,4,82,0.0,1027,17,10,135,13,"Portugal,+Viana+do+Alentejo"
2021-02-16,17,9,0.0,8.5,3,29,09:57 AM,10:54 PM,07:21 AM,06:11 PM,10,11,12,11,17,45,88,0.0,1027,17,8,189,10,"Portugal,+Viana+do+Alentejo"
2021-02-17,18,9,0.0,7.0,3,36,10:22 AM,11:53 PM,07:20 AM,06:12 PM,9,11,12,11,11,59,84,0.0,1023,18,7,171,6,"Portugal,+Viana+do+Alentejo"
2021-02-18,17,9,0.0,7.0,3,42,10:48 AM,No moonset,07:19 AM,06:13 PM,9,11,12,11,23,70,83,0.6,1018,17,9,219,14,"Portugal,+Viana+do+Alentejo"
2021-02-19,17,9,0.0,7.0,3,49,11:18 AM,12:51 AM,07:18 AM,06:15 PM,9,10,12,10,27,65,85,0.2,1017,17,8,180,17,"Portugal,+Viana+do+Alentejo"
2021-02-20,15,10,0.0,8.6,3,56,11:51 AM,01:50 AM,07:16 AM,06:16 PM,9,10,12,10,40,62,84,4.5,1009,15,10,173,26,"Portugal,+Viana+do+Alentejo"
2021-02-21,12,6,0.0,7.0,2,63,12:30 PM,02:49 AM,07:15 AM,06:17 PM,7,6,9,6,30,75,86,22.1,1007,12,9,278,20,"Portugal,+Viana+do+Alentejo"
2021-02-22,13,4,0.0,10.1,2,70,01:17 PM,03:47 AM,07:14 AM,06:18 PM,5,7,8,7,11,26,81,0.6,1021,13,10,254,6,"Portugal,+Viana+do+Alentejo"
2021-02-23,14,6,0.0,8.6,2,76,02:11 PM,04:42 AM,07:12 AM,06:19 PM,6,7,9,7,18,42,84,0.0,1028,14,10,125,10,"Portugal,+Viana+do+Alentejo"
2021-02-24,17,6,0.0,11.1,4,83,03:13 PM,05:32 AM,07:11 AM,06:20 PM,8,9,11,9,22,16,82,0.0,1028,17,10,137,13,"Portugal,+Viana+do+Alentejo"
2021-02-25,11,9,0.0,5.6,3,90,04:19 PM,06:17 AM,07:10 AM,06:21 PM,9,9,10,9,16,91,96,34.3,1024,11,6,91,9,"Portugal,+Viana+do+Alentejo"
2021-02-26,17,9,0.0,11.1,4,97,05:30 PM,06:57 AM,07:08 AM,06:22 PM,9,11,12,11,19,39,83,0.1,1026,17,10,56,11,"Portugal,+Viana+do+Alentejo"
2021-02-27,16,8,0.0,7.1,3,97,06:41 PM,07:32 AM,07:07 AM,06:23 PM,8,10,12,10,19,53,79,0.1,1023,16,10,56,11,"Portugal,+Viana+do+Alentejo"
2021-02-28,18,7,0.0,11.2,4,90,07:53 PM,08:04 AM,07:05 AM,06:24 PM,7,11,12,11,13,21,74,0.0,1018,18,10,96,7,"Portugal,+Viana+do+Alentejo"
2021-03-01,18,8,0.0,7.1,3,83,09:04 PM,08:34 AM,07:04 AM,06:25 PM,9,11,12,11,11,46,83,1.8,1019,18,10,92,6,"Portugal,+Viana+do+Alentejo"
2021-03-02,17,7,0.0,10.1,3,76,10:16 PM,09:04 AM,07:02 AM,06:26 PM,9,11,11,11,13,50,88,0.6,1023,17,7,224,7,"Portugal,+Viana+do+Alentejo"
2021-03-03,19,9,0.0,10.1,3,69,11:29 PM,09:36 AM,07:01 AM,06:27 PM,10,12,13,12,17,21,83,0.2,1024,19,9,110,10,"Portugal,+Viana+do+Alentejo"
2021-03-04,15,8,0.0,7.1,3,63,No moonrise,10:10 AM,07:00 AM,06:28 PM,9,10,11,10,20,63,88,11.4,1017,15,8,165,14,"Portugal,+Viana+do+Alentejo"
2021-03-05,13,10,0.0,7.3,3,56,12:42 AM,10:49 AM,06:58 AM,06:29 PM,9,10,11,10,17,78,89,28.8,1014,13,8,93,12,"Portugal,+Viana+do+Alentejo"
2021-03-06,18,8,0.0,11.6,4,49,01:53 AM,11:35 AM,06:57 AM,06:30 PM,8,11,12,11,18,20,80,0.0,1018,18,10,121,10,"Portugal,+Viana+do+Alentejo"
2021-03-07,18,8,0.0,8.7,3,42,03:00 AM,12:28 PM,06:55 AM,06:31 PM,8,11,12,11,15,25,78,0.2,1018,18,10,216,9,"Portugal,+Viana+do+Alentejo"
2021-03-08,15,6,0.0,10.2,3,36,04:00 AM,01:27 PM,06:54 AM,06:32 PM,7,8,9,8,15,51,86,0.0,1016,15,7,316,9,"Portugal,+Viana+do+Alentejo"
2021-03-09,16,3,0.0,10.2,3,29,04:51 AM,02:31 PM,06:52 AM,06:33 PM,5,7,9,7,21,17,79,0.1,1018,16,10,146,12,"Portugal,+Viana+do+Alentejo"
2021-03-10,17,5,0.0,11.6,4,22,05:35 AM,03:37 PM,06:51 AM,06:34 PM,4,9,10,9,13,19,71,0.0,1024,17,10,220,7,"Portugal,+Viana+do+Alentejo"
2021-03-11,15,7,0.0,8.8,3,15,06:11 AM,04:41 PM,06:49 AM,06:35 PM,9,11,11,11,12,50,87,0.1,1027,15,9,307,7,"Portugal,+Viana+do+Alentejo"
2021-03-12,15,7,0.0,8.8,3,9,06:42 AM,05:45 PM,06:48 AM,06:36 PM,8,9,10,9,19,49,85,0.0,1025,15,7,317,12,"Portugal,+Viana+do+Alentejo"
2021-03-13,15,4,0.0,11.6,4,2,07:10 AM,06:45 PM,06:46 AM,06:37 PM,5,7,9,7,27,13,77,0.0,1025,15,10,339,16,"Portugal,+Viana+do+Alentejo"
2021-03-14,17,4,0.0,11.6,4,5,07:35 AM,07:45 PM,06:44 AM,06:38 PM,6,9,10,9,22,13,77,0.0,1025,17,10,112,13,"Portugal,+Viana+do+Alentejo"
2021-03-15,18,7,0.0,11.6,4,12,07:59 AM,08:44 PM,06:43 AM,06:39 PM,8,11,12,11,20,17,75,0.0,1023,18,10,46,12,"Portugal,+Viana+do+Alentejo"
2021-03-16,19,8,0.0,11.6,4,19,08:23 AM,09:42 PM,06:41 AM,06:40 PM,8,12,13,12,23,7,71,0.0,1022,19,10,51,14,"Portugal,+Viana+do+Alentejo"
2021-03-17,18,9,0.0,11.6,4,25,08:49 AM,10:40 PM,06:40 AM,06:41 PM,7,12,13,12,30,1,67,0.0,1020,18,10,52,18,"Portugal,+Viana+do+Alentejo"
2021-03-18,16,8,0.0,11.6,4,32,09:17 AM,11:40 PM,06:38 AM,06:42 PM,3,9,11,9,33,1,58,0.0,1018,16,10,47,20,"Portugal,+Viana+do+Alentejo"
2021-03-19,15,4,0.0,11.6,4,39,09:49 AM,No moonset,06:37 AM,06:43 PM,2,7,9,7,27,9,63,0.0,1016,15,10,113,16,"Portugal,+Viana+do+Alentejo"
2021-03-20,13,4,0.0,11.6,3,46,10:25 AM,12:38 AM,06:35 AM,06:44 PM,1,6,9,6,30,5,57,0.0,1017,13,10,33,20,"Portugal,+Viana+do+Alentejo"
2021-03-21,14,3,0.0,11.6,3,52,11:08 AM,01:36 AM,06:34 AM,06:45 PM,-0,6,8,6,21,0,56,0.0,1022,14,10,80,13,"Portugal,+Viana+do+Alentejo"
2021-03-22,17,4,0.0,11.6,4,59,11:58 AM,02:31 AM,06:32 AM,06:46 PM,4,9,10,9,15,2,70,0.0,1020,17,10,58,9,"Portugal,+Viana+do+Alentejo"
2021-03-23,19,5,0.0,11.6,4,66,12:55 PM,03:23 AM,06:31 AM,06:47 PM,6,12,12,12,12,7,72,0.0,1022,19,10,235,7,"Portugal,+Viana+do+Alentejo"
2021-03-24,18,5,0.0,11.6,3,73,01:58 PM,04:09 AM,06:29 AM,06:48 PM,7,11,12,11,13,20,78,0.0,1025,18,9,272,8,"Portugal,+Viana+do+Alentejo"
2021-03-25,17,4,0.0,11.6,3,80,03:06 PM,04:50 AM,06:27 AM,06:49 PM,6,9,11,9,15,12,79,0.0,1023,17,7,322,9,"Portugal,+Viana+do+Alentejo"
2021-03-26,18,5,0.0,11.6,3,86,04:16 PM,05:27 AM,06:26 AM,06:50 PM,6,10,12,10,18,16,76,0.0,1021,18,7,341,11,"Portugal,+Viana+do+Alentejo"
2021-03-27,21,8,0.0,10.2,5,93,05:29 PM,06:00 AM,06:24 AM,06:51 PM,7,13,14,13,19,25,65,0.0,1017,21,10,50,11,"Portugal,+Viana+do+Alentejo"
2021-03-28,21,11,0.0,10.2,4,100,06:41 PM,06:31 AM,06:23 AM,06:52 PM,9,15,16,15,22,49,63,0.1,1017,21,10,52,13,"Portugal,+Viana+do+Alentejo"
2021-03-29,23,12,0.0,8.9,4,93,07:56 PM,07:01 AM,06:21 AM,06:53 PM,10,16,16,16,19,46,67,0.2,1020,23,10,127,12,"Portugal,+Viana+do+Alentejo"
2021-03-30,24,14,0.0,11.6,4,87,09:11 PM,07:33 AM,06:20 AM,06:53 PM,10,18,19,18,29,39,59,0.2,1018,24,9,111,17,"Portugal,+Viana+do+Alentejo"
2021-03-31,24,13,0.0,8.9,4,80,10:26 PM,08:07 AM,06:18 AM,06:54 PM,9,18,19,18,32,43,59,0.0,1011,24,10,123,20,"Portugal,+Viana+do+Alentejo"
2021-04-01,18,11,0.0,6.2,4,73,11:42 PM,08:45 AM,06:17 AM,06:55 PM,12,14,14,14,22,67,85,6.2,1013,18,8,197,14,"Portugal,+Viana+do+Alentejo"
2021-04-02,19,10,0.0,6.2,4,66,No moonrise,09:30 AM,06:15 AM,06:56 PM,10,13,13,13,15,76,80,0.4,1018,19,8,272,10,"Portugal,+Viana+do+Alentejo"
2021-04-03,21,8,0.0,11.6,4,60,12:52 AM,10:22 AM,06:14 AM,06:57 PM,9,14,15,14,12,39,78,0.0,1015,21,7,234,6,"Portugal,+Viana+do+Alentejo"
2021-04-04,21,7,0.0,11.6,5,53,01:56 AM,11:21 AM,06:12 AM,06:58 PM,8,15,16,15,13,3,69,0.0,1013,21,10,198,7,"Portugal,+Viana+do+Alentejo"
2021-04-05,22,9,0.0,11.6,5,46,02:51 AM,12:23 PM,06:11 AM,06:59 PM,7,16,16,16,12,5,58,0.0,1016,22,10,193,7,"Portugal,+Viana+do+Alentejo"
2021-04-06,22,10,0.0,11.6,5,39,03:37 AM,01:29 PM,06:09 AM,07:00 PM,7,16,17,16,13,25,58,0.0,1014,22,10,278,8,"Portugal,+Viana+do+Alentejo"
2021-04-07,21,8,0.0,7.7,4,32,04:14 AM,02:33 PM,06:08 AM,07:01 PM,4,14,14,14,11,48,52,0.0,1015,21,10,297,6,"Portugal,+Viana+do+Alentejo"
2021-04-08,21,8,0.0,9.0,4,26,04:46 AM,03:37 PM,06:06 AM,07:02 PM,9,15,15,15,14,39,70,0.0,1018,21,10,224,8,"Portugal,+Viana+do+Alentejo"
2021-04-09,20,9,0.0,6.5,4,19,05:14 AM,04:37 PM,06:05 AM,07:03 PM,11,14,14,14,15,68,82,3.7,1016,20,8,217,9,"Portugal,+Viana+do+Alentejo"
2021-04-10,18,9,0.0,7.8,4,12,05:39 AM,05:37 PM,06:03 AM,07:04 PM,10,13,14,13,21,66,82,5.0,1012,18,9,204,13,"Portugal,+Viana+do+Alentejo"
2021-04-11,19,11,0.0,7.8,4,5,06:03 AM,06:35 PM,06:02 AM,07:05 PM,10,14,15,14,20,73,83,1.2,1014,19,8,261,14,"Portugal,+Viana+do+Alentejo"
2021-04-12,21,5,0.0,13.1,5,1,06:27 AM,07:34 PM,06:00 AM,07:06 PM,6,12,13,12,13,17,66,0.0,1019,21,10,144,8,"Portugal,+Viana+do+Alentejo"
2021-04-13,22,10,0.0,13.5,5,8,06:52 AM,08:32 PM,05:59 AM,07:07 PM,9,16,16,16,14,37,62,0.0,1020,22,10,160,7,"Portugal,+Viana+do+Alentejo"
2021-04-14,21,13,0.0,12.1,4,15,07:18 AM,09:31 PM,05:58 AM,07:08 PM,11,16,17,16,14,67,74,6.0,1015,21,10,115,9,"Portugal,+Viana+do+Alentejo"
2021-04-15,14,4,0.0,8.5,3,22,07:48 AM,10:30 PM,05:56 AM,07:09 PM,13,12,13,12,7,94,95,34.2,1013,14,8,267,5,"Portugal,+Viana+do+Alentejo"
2021-04-16,22,11,0.0,13.6,5,29,08:22 AM,11:29 PM,05:55 AM,07:10 PM,10,16,17,16,16,17,71,0.0,1015,22,10,285,10,"Portugal,+Viana+do+Alentejo"
2021-04-17,20,8,0.0,13.6,5,35,09:03 AM,No moonset,05:53 AM,07:11 PM,3,13,14,13,20,11,51,0.0,1019,20,10,53,12,"Portugal,+Viana+do+Alentejo"
2021-04-18,21,9,0.0,13.3,4,42,09:49 AM,12:24 AM,05:52 AM,07:12 PM,5,14,15,14,11,29,54,0.0,1020,21,10,148,6,"Portugal,+Viana+do+Alentejo"
2021-04-19,20,9,0.0,13.6,5,49,10:42 AM,01:17 AM,05:51 AM,07:12 PM,8,14,15,14,18,34,66,0.0,1018,20,10,304,12,"Portugal,+Viana+do+Alentejo"
2021-04-20,19,10,0.0,12.1,4,56,11:42 AM,02:04 AM,05:49 AM,07:13 PM,9,13,14,13,21,55,78,0.1,1016,19,8,316,14,"Portugal,+Viana+do+Alentejo"
2021-04-21,19,10,0.0,8.5,4,62,12:46 PM,02:46 AM,05:48 AM,07:14 PM,10,13,14,13,16,84,81,0.1,1014,19,7,284,11,"Portugal,+Viana+do+Alentejo"
2021-04-22,20,13,0.0,10.9,4,69,01:54 PM,03:24 AM,05:47 AM,07:15 PM,11,15,16,15,14,70,74,0.0,1012,20,10,247,10,"Portugal,+Viana+do+Alentejo"
2021-04-23,23,11,0.0,13.3,4,76,03:04 PM,03:57 AM,05:45 AM,07:16 PM,9,16,17,16,20,50,65,0.0,1012,23,10,131,13,"Portugal,+Viana+do+Alentejo"
2021-04-24,22,12,0.0,13.3,4,83,04:15 PM,04:27 AM,05:44 AM,07:17 PM,11,16,17,16,21,67,76,1.0,1010,22,8,160,15,"Portugal,+Viana+do+Alentejo"
2021-04-25,22,13,0.0,11.0,4,89,05:28 PM,04:57 AM,05:43 AM,07:18 PM,11,16,17,16,19,69,72,2.6,1007,22,10,168,13,"Portugal,+Viana+do+Alentejo"
2021-04-26,20,10,0.0,8.6,4,96,06:43 PM,05:28 AM,05:42 AM,07:19 PM,12,14,14,14,16,71,84,10.4,1006,20,7,160,10,"Portugal,+Viana+do+Alentejo"
2021-04-27,21,11,0.0,12.2,4,97,08:00 PM,06:00 AM,05:40 AM,07:20 PM,11,15,16,15,14,53,80,6.2,1006,21,8,190,8,"Portugal,+Viana+do+Alentejo"
2021-04-28,18,10,0.0,8.6,4,90,09:19 PM,06:37 AM,05:39 AM,07:21 PM,11,13,14,13,18,86,85,9.3,1007,18,7,262,11,"Portugal,+Viana+do+Alentejo"
2021-04-29,14,9,0.0,11.0,3,83,10:34 PM,07:20 AM,05:38 AM,07:22 PM,7,11,12,11,17,63,73,0.1,1010,14,9,283,12,"Portugal,+Viana+do+Alentejo"
2021-04-30,18,7,0.0,13.9,4,77,11:45 PM,08:10 AM,05:37 AM,07:23 PM,6,11,12,11,19,25,68,0.0,1011,18,10,329,13,"Portugal,+Viana+do+Alentejo"
2021-05-01,14,6,0.0,13.3,3,70,No moonrise,09:09 AM,05:35 AM,07:24 PM,5,8,10,8,26,27,72,0.0,1015,14,10,296,16,"Portugal,+Viana+do+Alentejo"
2021-05-02,20,5,0.0,13.9,4,63,12:45 AM,10:13 AM,05:34 AM,07:25 PM,4,11,13,11,21,7,63,0.0,1018,20,10,254,13,"Portugal,+Viana+do+Alentejo"
2021-05-03,23,7,0.0,13.9,5,56,01:36 AM,11:20 AM,05:33 AM,07:26 PM,4,15,16,15,22,4,51,0.0,1017,23,10,105,13,"Portugal,+Viana+do+Alentejo"
2021-05-04,25,10,0.0,14.0,5,50,02:16 AM,12:25 PM,05:32 AM,07:27 PM,7,17,19,17,23,8,53,0.0,1016,25,10,184,14,"Portugal,+Viana+do+Alentejo"
2021-05-05,25,10,0.0,14.0,4,43,02:50 AM,01:30 PM,05:31 AM,07:28 PM,9,16,18,16,22,17,67,0.0,1015,25,9,337,14,"Portugal,+Viana+do+Alentejo"
2021-05-06,25,11,0.0,14.0,4,36,03:19 AM,02:31 PM,05:30 AM,07:29 PM,10,17,19,17,25,6,67,0.0,1018,25,9,324,16,"Portugal,+Viana+do+Alentejo"
2021-05-07,26,10,0.0,13.4,6,29,03:45 AM,03:31 PM,05:29 AM,07:30 PM,8,18,19,18,18,18,61,0.0,1018,26,9,322,11,"Portugal,+Viana+do+Alentejo"
2021-05-08,25,11,0.0,11.1,4,22,04:08 AM,04:29 PM,05:28 AM,07:30 PM,7,17,18,17,18,58,58,0.0,1013,25,10,296,11,"Portugal,+Viana+do+Alentejo"
2021-05-09,19,11,0.0,8.8,4,16,04:32 AM,05:28 PM,05:27 AM,07:31 PM,10,13,14,13,27,82,77,16.9,1010,19,9,248,19,"Portugal,+Viana+do+Alentejo"
2021-05-10,17,9,0.0,12.2,3,9,04:56 AM,06:25 PM,05:26 AM,07:32 PM,7,11,13,11,26,50,73,1.5,1013,17,9,250,17,"Portugal,+Viana+do+Alentejo"
2021-05-11,19,7,0.0,14.1,5,2,05:22 AM,07:25 PM,05:25 AM,07:33 PM,5,13,13,13,19,25,65,0.0,1022,19,10,282,13,"Portugal,+Viana+do+Alentejo"
2021-05-12,22,9,0.0,12.2,4,5,05:50 AM,08:23 PM,05:24 AM,07:34 PM,8,15,16,15,23,47,68,0.2,1021,22,10,276,16,"Portugal,+Viana+do+Alentejo"
2021-05-13,21,9,0.0,10.0,4,11,06:23 AM,09:22 PM,05:23 AM,07:35 PM,10,14,15,14,23,57,76,0.0,1019,21,8,292,16,"Portugal,+Viana+do+Alentejo"
2021-05-14,24,10,0.0,14.1,5,18,07:01 AM,10:19 PM,05:22 AM,07:36 PM,7,16,18,16,24,45,60,0.0,1019,24,8,330,17,"Portugal,+Viana+do+Alentejo"
2021-05-15,27,10,0.0,14.2,6,25,07:45 AM,11:13 PM,05:21 AM,07:37 PM,11,18,19,18,20,2,68,0.0,1017,27,10,324,13,"Portugal,+Viana+do+Alentejo"
2021-05-16,27,13,0.0,13.4,5,32,08:36 AM,No moonset,05:20 AM,07:38 PM,12,19,20,19,23,16,70,0.0,1018,27,9,327,16,"Portugal,+Viana+do+Alentejo"
2021-05-17,25,13,0.0,14.2,6,38,09:33 AM,12:02 AM,05:19 AM,07:39 PM,10,18,20,18,26,10,61,0.0,1019,25,10,326,18,"Portugal,+Viana+do+Alentejo"
2021-05-18,28,11,0.0,14.2,6,45,10:34 AM,12:45 AM,05:19 AM,07:39 PM,4,20,20,19,26,5,40,0.0,1022,28,10,259,17,"Portugal,+Viana+do+Alentejo"
2021-05-19,27,9,0.0,14.2,6,52,11:40 AM,01:23 AM,05:18 AM,07:40 PM,5,18,19,18,28,17,49,0.0,1022,27,10,174,18,"Portugal,+Viana+do+Alentejo"
2021-05-20,32,14,0.0,14.2,7,59,12:46 PM,01:56 AM,05:17 AM,07:41 PM,8,23,23,23,20,4,43,0.0,1019,32,10,182,12,"Portugal,+Viana+do+Alentejo"
2021-05-21,28,12,0.0,13.4,6,66,01:54 PM,02:27 AM,05:16 AM,07:42 PM,8,20,20,20,28,17,52,0.0,1018,28,10,329,19,"Portugal,+Viana+do+Alentejo"
2021-05-22,22,10,0.0,13.4,4,72,03:04 PM,02:56 AM,05:16 AM,07:43 PM,6,15,16,15,30,20,58,0.0,1018,22,10,336,22,"Portugal,+Viana+do+Alentejo"
2021-05-23,22,11,0.0,14.3,5,79,04:16 PM,03:25 AM,05:15 AM,07:44 PM,4,15,16,15,28,28,49,0.0,1017,22,10,342,21,"Portugal,+Viana+do+Alentejo"
2021-05-24,22,9,0.0,12.3,4,86,05:32 PM,03:55 AM,05:14 AM,07:44 PM,9,15,16,15,25,48,68,0.0,1024,22,9,322,18,"Portugal,+Viana+do+Alentejo"
2021-05-25,27,7,0.0,14.3,6,93,06:49 PM,04:29 AM,05:14 AM,07:45 PM,6,17,18,17,23,3,54,0.0,1020,27,10,219,14,"Portugal,+Viana+do+Alentejo"
2021-05-26,30,12,0.0,14.3,6,99,08:07 PM,05:08 AM,05:13 AM,07:46 PM,7,21,21,21,19,8,47,0.0,1017,30,10,325,12,"Portugal,+Viana+do+Alentejo"
2021-05-27,30,12,0.0,14.3,6,94,09:23 PM,05:55 AM,05:13 AM,07:47 PM,7,21,21,21,14,8,46,0.0,1014,30,10,302,8,"Portugal,+Viana+do+Alentejo"
2021-05-28,31,13,0.0,14.4,7,87,10:30 PM,06:51 AM,05:12 AM,07:47 PM,8,22,22,22,14,10,45,0.0,1016,31,10,270,8,"Portugal,+Viana+do+Alentejo"
2021-05-29,34,13,0.0,14.4,7,80,11:27 PM,07:55 AM,05:12 AM,07:48 PM,9,24,24,24,19,4,46,0.0,1017,34,10,261,12,"Portugal,+Viana+do+Alentejo"
2021-05-30,36,18,0.0,14.4,7,73,No moonrise,09:03 AM,05:11 AM,07:49 PM,8,26,26,27,17,7,37,0.0,1014,36,10,199,11,"Portugal,+Viana+do+Alentejo"
2021-05-31,34,19,0.0,11.2,6,67,12:13 AM,10:12 AM,05:11 AM,07:50 PM,12,26,26,26,18,35,51,0.5,1009,34,10,175,14,"Portugal,+Viana+do+Alentejo"
2021-06-01,26,14,0.0,13.4,5,60,12:51 AM,11:19 AM,05:10 AM,07:50 PM,11,19,20,19,20,23,67,0.0,1011,26,8,243,15,"Portugal,+Viana+do+Alentejo"
2021-06-02,24,11,0.0,14.4,6,53,01:22 AM,12:23 PM,05:10 AM,07:51 PM,10,18,19,18,19,17,65,0.0,1014,24,9,311,14,"Portugal,+Viana+do+Alentejo"
2021-06-03,26,9,0.0,14.4,5,46,01:49 AM,01:24 PM,05:10 AM,07:51 PM,4,16,18,16,26,7,52,0.0,1018,26,10,328,19,"Portugal,+Viana+do+Alentejo"
2021-06-04,27,9,0.0,14.4,6,40,02:13 AM,02:23 PM,05:09 AM,07:52 PM,5,17,18,17,25,6,50,0.0,1020,27,10,323,18,"Portugal,+Viana+do+Alentejo"
2021-06-05,31,11,0.0,14.4,6,33,02:37 AM,03:21 PM,05:09 AM,07:53 PM,7,21,21,22,14,12,47,0.0,1019,31,10,245,9,"Portugal,+Viana+do+Alentejo"
2021-06-06,33,16,0.0,14.4,7,26,03:01 AM,04:19 PM,05:09 AM,07:53 PM,9,24,24,25,18,5,43,0.0,1020,33,10,185,11,"Portugal,+Viana+do+Alentejo"
2021-06-07,34,14,0.0,14.5,7,19,03:26 AM,05:18 PM,05:09 AM,07:54 PM,7,24,24,24,22,0,41,0.0,1018,34,10,319,14,"Portugal,+Viana+do+Alentejo"
2021-06-08,37,13,0.0,14.5,7,13,03:53 AM,06:16 PM,05:08 AM,07:54 PM,4,25,25,25,22,0,36,0.0,1018,37,10,340,14,"Portugal,+Viana+do+Alentejo"
2021-06-09,35,13,0.0,14.5,7,6,04:24 AM,07:16 PM,05:08 AM,07:55 PM,6,24,24,24,23,15,41,0.0,1018,35,10,322,15,"Portugal,+Viana+do+Alentejo"
2021-06-10,34,14,0.0,14.5,7,1,05:00 AM,08:14 PM,05:08 AM,07:55 PM,8,25,25,25,21,7,44,0.0,1016,34,10,263,14,"Portugal,+Viana+do+Alentejo"
2021-06-11,33,14,0.0,14.5,7,8,05:43 AM,09:09 PM,05:08 AM,07:56 PM,11,23,23,24,20,5,53,0.0,1014,33,10,295,13,"Portugal,+Viana+do+Alentejo"
2021-06-12,34,17,0.0,14.5,7,15,06:32 AM,10:00 PM,05:08 AM,07:56 PM,11,25,25,25,16,5,52,0.0,1013,34,10,204,12,"Portugal,+Viana+do+Alentejo"
2021-06-13,32,16,0.0,14.5,7,21,07:28 AM,10:44 PM,05:08 AM,07:57 PM,13,25,25,24,20,11,63,0.0,1017,32,10,212,15,"Portugal,+Viana+do+Alentejo"
2021-06-14,34,16,0.0,14.5,7,28,08:27 AM,11:24 PM,05:08 AM,07:57 PM,11,25,25,25,13,4,51,0.0,1017,34,10,243,9,"Portugal,+Viana+do+Alentejo"
2021-06-15,35,19,0.0,14.5,7,35,09:31 AM,11:58 PM,05:08 AM,07:57 PM,11,27,27,27,15,9,45,0.0,1013,35,10,256,10,"Portugal,+Viana+do+Alentejo"
2021-06-16,29,15,0.0,14.5,5,42,10:36 AM,No moonset,05:08 AM,07:58 PM,12,21,21,21,21,18,66,0.0,1012,29,8,238,15,"Portugal,+Viana+do+Alentejo"
2021-06-17,21,15,0.0,9.1,4,48,11:43 AM,12:29 AM,05:08 AM,07:58 PM,13,18,18,18,16,84,74,0.3,1012,21,10,247,12,"Portugal,+Viana+do+Alentejo"
2021-06-18,26,12,0.0,13.4,5,55,12:49 PM,12:57 AM,05:08 AM,07:58 PM,9,18,19,18,18,38,65,0.1,1012,26,8,266,13,"Portugal,+Viana+do+Alentejo"
2021-06-19,19,14,0.0,9.1,4,62,01:58 PM,01:25 AM,05:08 AM,07:59 PM,11,16,16,16,21,88,72,1.9,1015,19,10,288,16,"Portugal,+Viana+do+Alentejo"
2021-06-20,24,13,0.0,10.2,4,69,03:09 PM,01:54 AM,05:09 AM,07:59 PM,10,17,18,17,24,56,68,0.2,1015,24,10,240,18,"Portugal,+Viana+do+Alentejo"
2021-06-21,22,12,0.0,10.2,4,76,04:23 PM,02:24 AM,05:09 AM,07:59 PM,10,17,19,17,20,58,63,0.2,1014,22,10,267,14,"Portugal,+Viana+do+Alentejo"
2021-06-22,27,12,0.0,12.3,5,82,05:40 PM,03:00 AM,05:09 AM,07:59 PM,11,18,19,18,24,40,67,0.0,1016,27,10,323,18,"Portugal,+Viana+do+Alentejo"
2021-06-23,30,14,0.0,14.5,7,89,06:56 PM,03:42 AM,05:09 AM,07:59 PM,9,23,23,23,21,6,51,0.0,1016,30,10,296,14,"Portugal,+Viana+do+Alentejo"
2021-06-24,33,17,0.0,14.5,7,96,08:08 PM,04:33 AM,05:10 AM,08:00 PM,6,25,25,25,17,1,34,0.0,1015,33,10,162,10,"Portugal,+Viana+do+Alentejo"
2021-06-25,35,20,0.0,14.5,7,97,09:11 PM,05:33 AM,05:10 AM,08:00 PM,8,28,28,27,18,0,32,0.0,1016,35,10,187,12,"Portugal,+Viana+do+Alentejo"
2021-06-26,32,18,0.0,14.5,7,91,10:04 PM,06:40 AM,05:10 AM,08:00 PM,7,25,25,25,21,5,37,0.0,1015,32,10,270,15,"Portugal,+Viana+do+Alentejo"
2021-06-27,27,15,0.0,14.5,6,84,10:46 PM,07:51 AM,05:11 AM,08:00 PM,8,21,21,20,28,4,52,0.0,1016,27,10,320,21,"Portugal,+Viana+do+Alentejo"
2021-06-28,28,12,0.0,14.5,6,77,11:21 PM,09:01 AM,05:11 AM,08:00 PM,9,20,20,19,30,4,55,0.0,1020,28,10,333,23,"Portugal,+Viana+do+Alentejo"
2021-06-29,30,12,0.0,14.5,6,70,11:51 PM,10:09 AM,05:11 AM,08:00 PM,6,21,21,20,25,0,49,0.0,1019,30,10,331,18,"Portugal,+Viana+do+Alentejo"
2021-06-30,32,11,0.0,14.5,6,64,No moonrise,11:13 AM,05:12 AM,08:00 PM,7,22,22,21,22,3,50,0.0,1016,32,10,321,16,"Portugal,+Viana+do+Alentejo"
2021-07-01,33,13,0.0,14.5,7,57,12:16 AM,12:13 PM,05:12 AM,08:00 PM,7,23,23,23,21,15,45,0.0,1017,33,10,317,14,"Portugal,+Viana+do+Alentejo"
2021-07-02,33,15,0.0,14.5,7,50,12:40 AM,01:13 PM,05:13 AM,07:59 PM,8,24,24,24,21,1,41,0.0,1016,33,10,308,15,"Portugal,+Viana+do+Alentejo"
2021-07-03,29,16,0.0,12.3,5,43,01:04 AM,02:11 PM,05:13 AM,07:59 PM,14,23,23,23,21,31,60,0.0,1017,29,10,294,15,"Portugal,+Viana+do+Alentejo"
2021-07-04,32,14,0.0,14.5,5,36,01:29 AM,03:10 PM,05:14 AM,07:59 PM,11,23,23,22,21,8,58,0.0,1018,32,9,316,16,"Portugal,+Viana+do+Alentejo"
2021-07-05,33,16,0.0,14.5,7,30,01:55 AM,04:08 PM,05:14 AM,07:59 PM,12,24,24,24,22,1,55,0.0,1016,33,10,308,15,"Portugal,+Viana+do+Alentejo"
2021-07-06,29,16,0.0,12.3,5,23,02:25 AM,05:08 PM,05:15 AM,07:59 PM,11,22,22,22,22,44,61,0.0,1015,29,8,296,16,"Portugal,+Viana+do+Alentejo"
2021-07-07,28,13,0.0,14.4,6,16,03:00 AM,06:06 PM,05:16 AM,07:58 PM,9,21,21,20,30,9,56,0.0,1018,28,10,326,22,"Portugal,+Viana+do+Alentejo"
2021-07-08,34,12,0.0,14.4,7,9,03:40 AM,07:03 PM,05:16 AM,07:58 PM,7,23,23,23,23,1,50,0.0,1019,34,10,257,16,"Portugal,+Viana+do+Alentejo"
2021-07-09,39,15,0.0,14.4,8,3,04:27 AM,07:56 PM,05:17 AM,07:58 PM,6,28,28,28,19,0,36,0.0,1015,39,10,141,11,"Portugal,+Viana+do+Alentejo"
2021-07-10,41,19,0.0,14.4,8,4,05:21 AM,08:43 PM,05:17 AM,07:57 PM,6,31,31,31,18,3,28,0.0,1013,41,10,245,11,"Portugal,+Viana+do+Alentejo"
2021-07-11,41,23,0.0,14.4,8,11,06:20 AM,09:25 PM,05:18 AM,07:57 PM,7,32,32,32,19,6,25,0.0,1012,41,10,269,14,"Portugal,+Viana+do+Alentejo"
2021-07-12,29,14,0.0,14.4,6,18,07:24 AM,10:00 PM,05:19 AM,07:57 PM,9,21,21,21,30,9,54,0.0,1018,29,10,322,23,"Portugal,+Viana+do+Alentejo"
2021-07-13,33,12,0.0,14.4,7,25,08:29 AM,10:32 PM,05:19 AM,07:56 PM,7,23,23,22,27,4,49,0.0,1018,33,10,298,20,"Portugal,+Viana+do+Alentejo"
2021-07-14,35,14,0.0,14.4,7,31,09:36 AM,11:01 PM,05:20 AM,07:56 PM,9,25,25,25,21,1,49,0.0,1014,35,10,297,14,"Portugal,+Viana+do+Alentejo"
2021-07-15,37,21,0.0,14.3,8,38,10:41 AM,11:29 PM,05:21 AM,07:55 PM,7,29,29,28,17,0,30,0.0,1013,37,10,165,11,"Portugal,+Viana+do+Alentejo"
2021-07-16,39,20,0.0,14.3,8,45,11:48 AM,11:56 PM,05:22 AM,07:55 PM,8,29,29,30,14,0,33,0.0,1014,39,10,191,9,"Portugal,+Viana+do+Alentejo"
2021-07-17,40,21,0.0,14.3,8,52,12:57 PM,No moonset,05:22 AM,07:54 PM,8,30,30,30,20,0,31,0.0,1014,40,10,284,14,"Portugal,+Viana+do+Alentejo"
2021-07-18,36,17,0.0,14.3,7,58,02:07 PM,12:24 AM,05:23 AM,07:53 PM,9,26,26,27,26,0,42,0.0,1015,36,10,301,18,"Portugal,+Viana+do+Alentejo"
2021-07-19,34,14,0.0,14.3,7,65,03:21 PM,12:57 AM,05:24 AM,07:53 PM,12,24,24,23,22,9,60,0.0,1013,34,10,299,16,"Portugal,+Viana+do+Alentejo"
2021-07-20,35,14,0.0,14.3,6,72,04:35 PM,01:35 AM,05:25 AM,07:52 PM,11,24,24,24,21,9,58,0.0,1014,35,8,303,15,"Portugal,+Viana+do+Alentejo"
2021-07-21,36,14,0.0,14.3,6,79,05:48 PM,02:20 AM,05:25 AM,07:51 PM,10,25,25,25,21,4,52,0.0,1016,36,9,318,14,"Portugal,+Viana+do+Alentejo"
2021-07-22,36,15,0.0,14.3,7,85,06:54 PM,03:15 AM,05:26 AM,07:51 PM,7,25,25,26,20,1,42,0.0,1016,36,10,315,14,"Portugal,+Viana+do+Alentejo"
2021-07-23,32,16,0.0,14.2,6,92,07:51 PM,04:18 AM,05:27 AM,07:50 PM,11,23,23,23,22,13,54,0.0,1015,32,9,317,16,"Portugal,+Viana+do+Alentejo"
2021-07-24,32,15,0.0,13.4,6,99,08:38 PM,05:29 AM,05:28 AM,07:49 PM,9,23,23,23,25,23,53,0.0,1015,32,10,324,19,"Portugal,+Viana+do+Alentejo"
2021-07-25,31,16,0.0,14.2,7,94,09:17 PM,06:40 AM,05:29 AM,07:48 PM,12,23,23,23,28,7,56,0.0,1014,31,10,316,21,"Portugal,+Viana+do+Alentejo"
2021-07-26,34,15,0.0,14.2,7,87,09:49 PM,07:50 AM,05:30 AM,07:48 PM,11,24,24,24,25,8,55,0.0,1014,34,10,320,19,"Portugal,+Viana+do+Alentejo"
2021-07-27,35,14,0.0,14.2,6,81,10:16 PM,08:56 AM,05:30 AM,07:47 PM,11,24,24,25,21,4,54,0.0,1014,35,9,329,15,"Portugal,+Viana+do+Alentejo"
2021-07-28,35,15,0.0,14.2,7,74,10:42 PM,10:00 AM,05:31 AM,07:46 PM,10,25,25,25,22,0,49,0.0,1012,35,10,315,15,"Portugal,+Viana+do+Alentejo"
2021-07-29,34,14,0.0,14.1,7,67,11:06 PM,11:01 AM,05:32 AM,07:45 PM,9,24,24,24,21,0,51,0.0,1013,34,10,304,15,"Portugal,+Viana+do+Alentejo"
2021-07-30,34,15,0.0,14.1,7,60,11:31 PM,12:00 PM,05:33 AM,07:44 PM,11,25,25,24,26,3,54,0.0,1015,34,10,323,19,"Portugal,+Viana+do+Alentejo"
2021-07-31,28,14,0.0,13.4,5,54,11:56 PM,12:59 PM,05:34 AM,07:43 PM,8,20,20,20,32,17,55,0.0,1016,28,10,318,24,"Portugal,+Viana+do+Alentejo"
2021-08-01,29,13,0.0,14.1,6,47,No moonrise,01:59 PM,05:35 AM,07:42 PM,11,21,21,20,28,18,59,0.0,1016,29,10,319,21,"Portugal,+Viana+do+Alentejo"
2021-08-02,31,16,0.0,13.4,6,40,12:25 AM,02:58 PM,05:36 AM,07:41 PM,12,24,24,24,18,34,58,0.0,1014,31,9,324,13,"Portugal,+Viana+do+Alentejo"
2021-08-03,34,15,0.0,14.0,7,33,12:57 AM,03:57 PM,05:36 AM,07:40 PM,9,24,24,24,23,3,49,0.0,1015,34,10,324,16,"Portugal,+Viana+do+Alentejo"
2021-08-04,34,17,0.0,14.0,7,26,01:36 AM,04:54 PM,05:37 AM,07:39 PM,10,24,24,25,32,8,51,0.0,1017,34,10,332,24,"Portugal,+Viana+do+Alentejo"
2021-08-05,35,14,0.0,14.0,7,20,02:20 AM,05:49 PM,05:38 AM,07:38 PM,11,25,25,25,26,1,53,0.0,1016,35,10,333,18,"Portugal,+Viana+do+Alentejo"
2021-08-06,31,15,0.0,14.0,6,13,03:12 AM,06:38 PM,05:39 AM,07:37 PM,10,24,24,23,26,12,57,0.0,1013,31,10,312,20,"Portugal,+Viana+do+Alentejo"
2021-08-07,30,14,0.0,13.3,5,6,04:10 AM,07:22 PM,05:40 AM,07:36 PM,11,22,22,22,22,16,59,0.0,1013,30,10,304,17,"Portugal,+Viana+do+Alentejo"
2021-08-08,31,12,0.0,13.9,5,1,05:13 AM,08:00 PM,05:41 AM,07:34 PM,8,21,21,21,22,4,54,0.0,1015,31,9,327,16,"Portugal,+Viana+do+Alentejo"
2021-08-09,32,12,0.0,13.9,5,7,06:19 AM,08:34 PM,05:42 AM,07:33 PM,8,22,22,22,19,1,51,0.0,1015,32,9,311,13,"Portugal,+Viana+do+Alentejo"
2021-08-10,34,13,0.0,13.9,7,14,07:26 AM,09:04 PM,05:43 AM,07:32 PM,9,24,24,24,21,0,49,0.0,1015,34,10,317,14,"Portugal,+Viana+do+Alentejo"
2021-08-11,37,15,0.0,13.9,7,21,08:33 AM,09:32 PM,05:43 AM,07:31 PM,10,26,26,26,22,0,49,0.0,1015,37,10,325,14,"Portugal,+Viana+do+Alentejo"
2021-08-12,38,16,0.0,13.9,7,28,09:41 AM,09:59 PM,05:44 AM,07:30 PM,10,27,27,28,18,1,44,0.0,1017,38,10,318,12,"Portugal,+Viana+do+Alentejo"
2021-08-13,43,21,0.0,13.8,9,34,10:49 AM,10:27 PM,05:45 AM,07:28 PM,8,33,33,32,19,10,28,0.0,1016,43,10,170,12,"Portugal,+Viana+do+Alentejo"
2021-08-14,43,24,0.0,13.8,9,41,11:59 AM,10:58 PM,05:46 AM,07:27 PM,5,34,34,33,18,4,21,0.0,1016,43,10,230,12,"Portugal,+Viana+do+Alentejo"
2021-08-15,42,20,0.0,13.8,8,48,01:10 PM,11:34 PM,05:47 AM,07:26 PM,4,32,32,31,23,12,23,0.0,1016,42,10,337,15,"Portugal,+Viana+do+Alentejo"
2021-08-16,39,19,0.0,13.8,8,55,02:23 PM,No moonset,05:48 AM,07:25 PM,5,29,29,29,28,1,30,0.0,1017,39,10,332,19,"Portugal,+Viana+do+Alentejo"
2021-08-17,38,16,0.0,13.7,7,62,03:35 PM,12:15 AM,05:49 AM,07:23 PM,9,27,27,27,26,0,42,0.0,1016,38,10,334,18,"Portugal,+Viana+do+Alentejo"
2021-08-18,36,16,0.0,13.7,7,68,04:41 PM,01:05 AM,05:50 AM,07:22 PM,8,26,26,26,19,0,40,0.0,1015,36,10,306,12,"Portugal,+Viana+do+Alentejo"
2021-08-19,34,13,0.0,13.7,7,75,05:41 PM,02:04 AM,05:50 AM,07:21 PM,9,23,23,23,20,0,52,0.0,1013,34,10,298,13,"Portugal,+Viana+do+Alentejo"
2021-08-20,34,14,0.0,13.7,7,82,06:30 PM,03:10 AM,05:51 AM,07:19 PM,8,24,24,24,23,0,45,0.0,1014,34,10,318,16,"Portugal,+Viana+do+Alentejo"
2021-08-21,34,15,0.0,13.7,7,89,07:12 PM,04:20 AM,05:52 AM,07:18 PM,12,25,25,25,24,2,53,0.0,1016,34,10,331,16,"Portugal,+Viana+do+Alentejo"
2021-08-22,38,16,0.0,13.6,8,95,07:47 PM,05:30 AM,05:53 AM,07:16 PM,12,28,28,28,17,3,50,0.0,1016,38,10,279,10,"Portugal,+Viana+do+Alentejo"
2021-08-23,39,20,0.0,13.6,8,98,08:16 PM,06:38 AM,05:54 AM,07:15 PM,11,30,30,29,17,4,39,0.0,1013,39,10,250,11,"Portugal,+Viana+do+Alentejo"
2021-08-24,36,19,0.0,13.6,7,91,08:42 PM,07:44 AM,05:55 AM,07:14 PM,13,27,27,27,17,7,48,0.0,1011,36,10,238,12,"Portugal,+Viana+do+Alentejo"
2021-08-25,35,17,0.0,13.6,7,84,09:07 PM,08:46 AM,05:56 AM,07:12 PM,14,26,26,25,18,5,61,0.0,1011,35,10,225,13,"Portugal,+Viana+do+Alentejo"
2021-08-26,37,17,0.0,13.6,7,77,09:32 PM,09:48 AM,05:56 AM,07:11 PM,13,27,27,27,14,3,56,0.0,1013,37,10,218,10,"Portugal,+Viana+do+Alentejo"
2021-08-27,37,17,0.0,13.5,7,71,09:57 PM,10:47 AM,05:57 AM,07:09 PM,11,27,27,27,15,0,49,0.0,1014,37,10,248,10,"Portugal,+Viana+do+Alentejo"
2021-08-28,32,15,0.0,13.5,7,64,10:24 PM,11:47 AM,05:58 AM,07:08 PM,14,24,24,23,19,7,64,0.0,1016,32,10,285,14,"Portugal,+Viana+do+Alentejo"
2021-08-29,33,15,0.0,13.5,6,57,10:55 PM,12:47 PM,05:59 AM,07:06 PM,12,23,23,23,20,13,59,0.0,1014,33,8,306,15,"Portugal,+Viana+do+Alentejo"
2021-08-30,33,16,0.0,13.1,7,50,11:31 PM,01:46 PM,06:00 AM,07:05 PM,13,24,24,24,18,8,57,0.0,1013,33,10,290,13,"Portugal,+Viana+do+Alentejo"
2021-08-31,34,17,0.0,11.6,7,44,No moonrise,02:44 PM,06:01 AM,07:03 PM,14,25,25,25,17,9,58,0.0,1013,34,10,259,12,"Portugal,+Viana+do+Alentejo"
2021-09-01,31,18,0.0,10.3,6,37,12:12 AM,03:40 PM,06:02 AM,07:02 PM,15,24,24,24,15,55,63,6.4,1014,31,9,269,11,"Portugal,+Viana+do+Alentejo"
2021-09-02,32,16,0.0,11.6,7,30,01:01 AM,04:31 PM,06:02 AM,07:00 PM,14,24,24,23,13,25,62,1.2,1016,32,10,291,9,"Portugal,+Viana+do+Alentejo"
2021-09-03,34,17,0.0,11.6,7,23,01:56 AM,05:17 PM,06:03 AM,06:59 PM,13,25,25,25,17,5,54,0.0,1016,34,10,312,12,"Portugal,+Viana+do+Alentejo"
2021-09-04,34,17,0.0,11.6,7,17,02:58 AM,05:57 PM,06:04 AM,06:57 PM,11,25,25,25,15,4,49,0.0,1013,34,10,304,10,"Portugal,+Viana+do+Alentejo"
2021-09-05,35,20,0.0,10.3,6,10,04:03 AM,06:32 PM,06:05 AM,06:56 PM,10,27,27,27,17,28,39,0.0,1012,35,10,170,12,"Portugal,+Viana+do+Alentejo"
2021-09-06,36,23,0.0,11.6,8,3,05:11 AM,07:04 PM,06:06 AM,06:54 PM,15,29,29,28,19,28,52,0.0,1013,36,10,225,15,"Portugal,+Viana+do+Alentejo"
2021-09-07,31,19,0.0,10.3,6,4,06:19 AM,07:33 PM,06:07 AM,06:52 PM,16,25,25,24,19,40,66,0.1,1015,31,10,221,14,"Portugal,+Viana+do+Alentejo"
2021-09-08,31,19,0.0,8.9,6,11,07:29 AM,08:01 PM,06:08 AM,06:51 PM,15,23,23,23,18,58,67,0.1,1015,31,10,254,15,"Portugal,+Viana+do+Alentejo"
2021-09-09,31,17,0.0,11.6,7,17,08:38 AM,08:29 PM,06:08 AM,06:49 PM,14,23,23,23,19,18,64,0.0,1016,31,9,299,14,"Portugal,+Viana+do+Alentejo"
2021-09-10,30,17,0.0,11.6,5,24,09:49 AM,09:00 PM,06:09 AM,06:48 PM,14,23,23,23,18,23,63,0.0,1018,30,9,308,13,"Portugal,+Viana+do+Alentejo"
2021-09-11,31,16,0.0,11.6,7,31,11:02 AM,09:34 PM,06:10 AM,06:46 PM,12,23,23,23,13,7,56,0.0,1018,31,10,235,9,"Portugal,+Viana+do+Alentejo"
2021-09-12,33,16,0.0,11.6,7,38,12:15 PM,10:13 PM,06:11 AM,06:44 PM,14,23,23,23,14,11,62,0.0,1012,33,10,218,10,"Portugal,+Viana+do+Alentejo"
2021-09-13,25,19,0.0,6.2,5,44,01:27 PM,11:01 PM,06:12 AM,06:43 PM,15,22,22,22,29,56,67,11.7,1009,25,9,170,20,"Portugal,+Viana+do+Alentejo"
2021-09-14,22,18,0.0,6.1,5,51,02:35 PM,11:56 PM,06:13 AM,06:41 PM,16,20,21,20,29,79,78,25.1,1009,22,8,151,18,"Portugal,+Viana+do+Alentejo"
2021-09-15,26,16,0.0,6.1,5,58,03:36 PM,No moonset,06:14 AM,06:40 PM,15,20,21,20,13,68,75,6.7,1013,26,10,258,9,"Portugal,+Viana+do+Alentejo"
2021-09-16,28,17,0.0,11.6,6,65,04:27 PM,12:59 AM,06:14 AM,06:38 PM,14,23,23,22,12,22,63,0.0,1016,28,10,224,8,"Portugal,+Viana+do+Alentejo"
2021-09-17,30,17,0.0,11.6,6,72,05:11 PM,02:06 AM,06:15 AM,06:37 PM,14,23,23,23,21,7,61,0.0,1016,30,10,328,15,"Portugal,+Viana+do+Alentejo"
2021-09-18,29,14,0.0,11.6,6,78,05:46 PM,03:16 AM,06:16 AM,06:35 PM,11,20,20,20,21,5,59,0.0,1016,29,10,337,15,"Portugal,+Viana+do+Alentejo"
2021-09-19,29,13,0.0,11.6,6,85,06:16 PM,04:23 AM,06:17 AM,06:33 PM,11,20,20,20,21,0,58,0.0,1018,29,10,340,14,"Portugal,+Viana+do+Alentejo"
2021-09-20,29,14,0.0,11.6,6,92,06:43 PM,05:30 AM,06:18 AM,06:32 PM,11,20,20,20,21,5,60,0.0,1017,29,10,337,15,"Portugal,+Viana+do+Alentejo"
2021-09-21,28,18,0.0,11.6,6,99,07:08 PM,06:33 AM,06:19 AM,06:30 PM,5,22,22,22,31,4,35,0.0,1016,28,10,49,22,"Portugal,+Viana+do+Alentejo"
2021-09-22,29,16,0.0,11.6,6,95,07:33 PM,07:35 AM,06:20 AM,06:29 PM,6,22,22,22,25,3,37,0.0,1015,29,10,39,17,"Portugal,+Viana+do+Alentejo"
2021-09-23,27,15,0.0,8.8,5,88,07:57 PM,08:35 AM,06:20 AM,06:27 PM,13,20,20,20,17,63,66,2.0,1013,27,10,107,12,"Portugal,+Viana+do+Alentejo"
2021-09-24,24,15,0.0,8.8,5,81,08:23 PM,09:36 AM,06:21 AM,06:25 PM,13,19,20,19,18,58,72,6.7,1012,24,10,197,13,"Portugal,+Viana+do+Alentejo"
2021-09-25,23,15,0.0,6.0,5,74,08:53 PM,10:35 AM,06:22 AM,06:24 PM,14,19,20,19,21,63,76,1.2,1017,23,9,218,15,"Portugal,+Viana+do+Alentejo"
2021-09-26,25,15,0.0,10.2,5,68,09:27 PM,11:35 AM,06:23 AM,06:22 PM,12,19,20,19,9,35,66,0.0,1021,25,10,288,6,"Portugal,+Viana+do+Alentejo"
2021-09-27,29,15,0.0,11.6,6,61,10:05 PM,12:34 PM,06:24 AM,06:21 PM,12,21,21,21,15,2,61,0.0,1022,29,10,221,10,"Portugal,+Viana+do+Alentejo"
2021-09-28,29,15,0.0,11.6,5,54,10:51 PM,01:31 PM,06:25 AM,06:19 PM,12,21,21,21,21,10,64,0.0,1022,29,8,342,15,"Portugal,+Viana+do+Alentejo"
2021-09-29,30,12,0.0,11.6,6,47,11:43 PM,02:23 PM,06:26 AM,06:18 PM,7,20,20,20,21,1,49,0.0,1024,30,10,186,13,"Portugal,+Viana+do+Alentejo"
2021-09-30,31,15,0.0,11.6,6,40,No moonrise,03:11 PM,06:27 AM,06:16 PM,9,22,22,22,21,10,46,0.0,1022,31,10,189,12,"Portugal,+Viana+do+Alentejo"
2021-10-01,29,15,0.0,11.6,5,34,12:41 AM,03:53 PM,06:28 AM,06:15 PM,11,21,21,21,19,17,55,0.0,1020,29,10,331,13,"Portugal,+Viana+do+Alentejo"
2021-10-02,29,15,0.0,11.6,5,27,01:45 AM,04:29 PM,06:29 AM,06:13 PM,14,21,21,20,18,25,72,0.0,1017,29,8,314,14,"Portugal,+Viana+do+Alentejo"
2021-10-03,22,14,0.0,7.3,4,20,02:50 AM,05:02 PM,06:29 AM,06:11 PM,11,18,19,18,29,72,67,5.0,1016,22,10,299,22,"Portugal,+Viana+do+Alentejo"
2021-10-04,23,11,0.0,11.6,5,13,03:59 AM,05:32 PM,06:30 AM,06:10 PM,9,16,16,16,20,24,63,0.0,1021,23,10,331,14,"Portugal,+Viana+do+Alentejo"
2021-10-05,23,13,0.0,7.3,4,7,05:08 AM,06:00 PM,06:31 AM,06:08 PM,13,18,19,18,16,38,76,0.0,1021,23,10,327,12,"Portugal,+Viana+do+Alentejo"
2021-10-06,28,16,0.0,8.7,5,0,06:18 AM,06:28 PM,06:32 AM,06:07 PM,12,21,21,21,17,78,60,0.0,1020,28,10,75,10,"Portugal,+Viana+do+Alentejo"
2021-10-07,31,19,0.0,11.6,7,7,07:31 AM,06:58 PM,06:33 AM,06:05 PM,11,24,24,23,13,24,46,0.0,1017,31,10,129,7,"Portugal,+Viana+do+Alentejo"
2021-10-08,31,18,0.0,11.6,7,14,08:45 AM,07:32 PM,06:34 AM,06:04 PM,9,23,23,24,16,3,42,0.0,1017,31,10,135,9,"Portugal,+Viana+do+Alentejo"
2021-10-09,30,15,0.0,10.2,5,21,10:01 AM,08:10 PM,06:35 AM,06:03 PM,11,21,21,22,13,28,55,0.0,1017,30,10,306,7,"Portugal,+Viana+do+Alentejo"
2021-10-10,31,17,0.0,11.6,6,27,11:16 AM,08:56 PM,06:36 AM,06:01 PM,10,23,23,23,12,10,49,0.0,1016,31,10,131,7,"Portugal,+Viana+do+Alentejo"
2021-10-11,29,18,0.0,11.6,6,34,12:28 PM,09:50 PM,06:37 AM,06:00 PM,10,23,23,22,16,16,46,0.0,1015,29,10,105,10,"Portugal,+Viana+do+Alentejo"
2021-10-12,31,18,0.0,8.7,7,41,01:33 PM,10:51 PM,06:38 AM,05:58 PM,9,24,24,23,19,14,40,0.0,1015,31,10,61,11,"Portugal,+Viana+do+Alentejo"
2021-10-13,31,17,0.0,8.7,7,48,02:27 PM,11:58 PM,06:39 AM,05:57 PM,11,23,23,23,9,1,52,0.0,1016,31,10,196,6,"Portugal,+Viana+do+Alentejo"
2021-10-14,30,17,0.0,7.2,5,54,03:12 PM,No moonset,06:40 AM,05:55 PM,4,22,22,22,13,13,31,0.0,1018,30,10,166,7,"Portugal,+Viana+do+Alentejo"
2021-10-15,30,15,0.0,8.7,6,61,03:49 PM,01:07 AM,06:41 AM,05:54 PM,2,21,21,21,15,7,32,0.0,1019,30,10,334,9,"Portugal,+Viana+do+Alentejo"
2021-10-16,25,14,0.0,7.2,5,68,04:20 PM,02:14 AM,06:42 AM,05:53 PM,8,19,19,19,15,33,51,0.0,1017,25,10,317,9,"Portugal,+Viana+do+Alentejo"
2021-10-17,25,15,0.0,7.2,5,75,04:47 PM,03:20 AM,06:43 AM,05:51 PM,12,19,20,19,12,51,63,0.1,1018,25,10,305,8,"Portugal,+Viana+do+Alentejo"
2021-10-18,29,17,0.0,8.7,5,81,05:12 PM,04:22 AM,06:44 AM,05:50 PM,14,22,22,22,11,23,67,0.0,1020,29,7,98,7,"Portugal,+Viana+do+Alentejo"
2021-10-19,32,18,0.0,8.7,7,88,05:36 PM,05:24 AM,06:45 AM,05:49 PM,14,24,24,23,12,8,59,0.0,1021,32,10,248,8,"Portugal,+Viana+do+Alentejo"
2021-10-20,30,17,0.0,8.7,6,95,06:00 PM,06:24 AM,06:46 AM,05:47 PM,13,22,22,22,16,8,61,0.0,1021,30,10,306,11,"Portugal,+Viana+do+Alentejo"
2021-10-21,24,13,0.0,8.7,4,98,06:25 PM,07:25 AM,06:47 AM,05:46 PM,11,17,18,17,25,11,69,0.0,1021,24,9,328,18,"Portugal,+Viana+do+Alentejo"
2021-10-22,24,10,0.0,8.7,5,91,06:53 PM,08:25 AM,06:48 AM,05:45 PM,7,15,16,15,24,5,58,0.0,1019,24,10,143,16,"Portugal,+Viana+do+Alentejo"
2021-10-23,25,12,0.0,8.7,5,85,07:25 PM,09:25 AM,06:49 AM,05:43 PM,4,17,17,17,20,14,43,0.0,1020,25,10,48,12,"Portugal,+Viana+do+Alentejo"
2021-10-24,26,13,0.0,8.7,6,78,08:01 PM,10:24 AM,06:50 AM,05:42 PM,4,18,18,18,12,3,41,0.0,1021,26,10,187,7,"Portugal,+Viana+do+Alentejo"
2021-10-25,25,12,0.0,8.7,5,71,08:44 PM,11:22 AM,06:51 AM,05:41 PM,7,16,17,16,18,5,58,0.0,1021,25,10,264,10,"Portugal,+Viana+do+Alentejo"
2021-10-26,26,12,0.0,8.7,6,64,09:33 PM,12:16 PM,06:52 AM,05:40 PM,5,18,18,18,16,2,46,0.0,1019,26,10,84,9,"Portugal,+Viana+do+Alentejo"
2021-10-27,27,13,0.0,8.7,6,58,10:28 PM,01:05 PM,06:53 AM,05:38 PM,3,19,18,19,16,3,37,0.0,1020,27,10,63,9,"Portugal,+Viana+do+Alentejo"
2021-10-28,25,12,0.0,8.7,4,51,11:29 PM,01:49 PM,06:54 AM,05:37 PM,3,17,17,17,12,20,43,0.0,1017,25,10,215,8,"Portugal,+Viana+do+Alentejo"
2021-10-29,19,13,0.0,4.1,4,44,No moonrise,02:26 PM,06:55 AM,05:36 PM,14,16,16,16,28,89,86,5.1,1014,19,10,215,19,"Portugal,+Viana+do+Alentejo"
2021-10-30,22,17,0.0,4.0,4,37,12:32 AM,03:00 PM,06:56 AM,05:35 PM,17,19,20,19,44,100,89,15.0,1011,22,8,227,30,"Portugal,+Viana+do+Alentejo"
2021-10-31,22,19,0.0,4.0,5,30,01:38 AM,03:30 PM,06:57 AM,05:34 PM,18,20,21,20,36,97,87,6.4,1015,22,10,244,26,"Portugal,+Viana+do+Alentejo"
2021-11-01,19,13,0.0,5.6,4,24,02:45 AM,03:58 PM,06:58 AM,05:33 PM,14,17,17,17,27,73,81,1.8,1017,19,10,299,19,"Portugal,+Viana+do+Alentejo"
2021-11-02,16,10,0.0,5.6,3,17,03:54 AM,04:26 PM,06:59 AM,05:31 PM,7,12,13,12,17,37,71,0.0,1018,16,10,282,11,"Portugal,+Viana+do+Alentejo"
2021-11-03,15,9,0.0,7.1,3,10,05:05 AM,04:55 PM,07:01 AM,05:30 PM,7,11,12,11,25,39,74,0.1,1014,15,10,310,18,"Portugal,+Viana+do+Alentejo"
2021-11-04,16,8,0.0,8.7,4,3,06:18 AM,05:26 PM,07:02 AM,05:29 PM,5,10,11,10,23,14,68,0.0,1016,16,10,287,15,"Portugal,+Viana+do+Alentejo"
2021-11-05,18,7,0.0,8.7,4,3,07:36 AM,06:02 PM,07:03 AM,05:28 PM,3,10,12,10,22,1,59,0.0,1022,18,10,58,14,"Portugal,+Viana+do+Alentejo"
2021-11-06,18,6,0.0,8.7,4,10,08:54 AM,06:46 PM,07:04 AM,05:27 PM,2,9,11,9,22,0,54,0.0,1025,18,10,75,14,"Portugal,+Viana+do+Alentejo"
2021-11-07,17,7,0.0,8.7,4,17,10:11 AM,07:38 PM,07:05 AM,05:26 PM,2,10,11,10,20,3,54,0.0,1025,17,10,118,12,"Portugal,+Viana+do+Alentejo"
2021-11-08,22,9,0.0,8.7,5,24,11:22 AM,08:39 PM,07:06 AM,05:25 PM,5,13,14,13,19,17,56,0.0,1022,22,10,104,11,"Portugal,+Viana+do+Alentejo"
2021-11-09,21,10,0.0,8.7,5,30,12:22 PM,09:47 PM,07:07 AM,05:24 PM,6,14,15,14,15,20,58,0.0,1018,21,10,19,9,"Portugal,+Viana+do+Alentejo"
2021-11-10,21,10,0.0,8.7,5,37,01:12 PM,10:57 PM,07:08 AM,05:24 PM,4,13,14,13,22,0,54,0.0,1018,21,10,64,13,"Portugal,+Viana+do+Alentejo"
2021-11-11,22,10,0.0,8.7,5,44,01:52 PM,No moonset,07:09 AM,05:23 PM,3,14,15,14,13,2,48,0.0,1019,22,10,54,8,"Portugal,+Viana+do+Alentejo"
2021-11-12,21,10,0.0,8.7,5,51,02:24 PM,12:06 AM,07:10 AM,05:22 PM,5,14,14,14,13,8,57,0.0,1019,21,10,81,8,"Portugal,+Viana+do+Alentejo"
2021-11-13,21,10,0.0,8.7,5,58,02:52 PM,01:13 AM,07:12 AM,05:21 PM,5,14,15,14,15,3,53,0.0,1019,21,10,44,8,"Portugal,+Viana+do+Alentejo"
2021-11-14,23,11,0.0,8.7,5,64,03:17 PM,02:16 AM,07:13 AM,05:20 PM,5,15,15,15,15,9,53,0.0,1018,23,10,194,8,"Portugal,+Viana+do+Alentejo"
2021-11-15,20,9,0.0,8.7,5,71,03:41 PM,03:17 AM,07:14 AM,05:20 PM,4,13,14,13,17,6,54,0.0,1019,20,10,111,10,"Portugal,+Viana+do+Alentejo"
2021-11-16,20,9,0.0,7.1,3,78,04:04 PM,04:17 AM,07:15 AM,05:19 PM,4,12,13,12,21,17,56,0.0,1019,20,10,60,13,"Portugal,+Viana+do+Alentejo"
2021-11-17,17,8,0.0,8.7,4,85,04:29 PM,05:17 AM,07:16 AM,05:18 PM,3,10,12,10,26,10,57,0.0,1020,17,10,49,16,"Portugal,+Viana+do+Alentejo"
2021-11-18,19,9,0.0,8.7,4,91,04:55 PM,06:16 AM,07:17 AM,05:17 PM,5,11,13,11,30,2,59,0.0,1022,19,10,64,18,"Portugal,+Viana+do+Alentejo"
2021-11-19,21,9,0.0,7.0,3,98,05:26 PM,07:17 AM,07:18 AM,05:17 PM,6,12,14,12,28,19,60,0.0,1020,21,10,76,17,"Portugal,+Viana+do+Alentejo"
2021-11-20,19,10,0.0,3.7,3,95,06:00 PM,08:16 AM,07:19 AM,05:16 PM,7,12,13,12,22,53,67,1.1,1020,19,10,89,13,"Portugal,+Viana+do+Alentejo"
2021-11-21,18,10,0.0,8.7,3,88,06:41 PM,09:15 AM,07:20 AM,05:16 PM,10,13,13,13,12,43,80,0.2,1017,18,10,158,7,"Portugal,+Viana+do+Alentejo"
2021-11-22,19,8,0.0,8.7,4,81,07:28 PM,10:10 AM,07:21 AM,05:15 PM,6,11,12,11,22,8,69,0.0,1015,19,10,241,15,"Portugal,+Viana+do+Alentejo"
2021-11-23,12,4,0.0,5.4,2,75,08:20 PM,11:01 AM,07:22 AM,05:15 PM,2,5,7,5,20,24,71,0.0,1015,12,10,325,12,"Portugal,+Viana+do+Alentejo"
2021-11-24,12,4,0.0,5.4,2,68,09:18 PM,11:47 AM,07:23 AM,05:14 PM,3,6,7,6,9,41,77,0.0,1017,12,10,248,5,"Portugal,+Viana+do+Alentejo"
2021-11-25,11,6,0.0,3.7,2,61,10:19 PM,12:25 PM,07:24 AM,05:14 PM,5,6,8,6,19,55,83,4.2,1012,11,9,285,11,"Portugal,+Viana+do+Alentejo"
2021-11-26,13,4,0.0,8.7,3,54,11:23 PM,01:00 PM,07:25 AM,05:13 PM,3,5,7,5,18,14,76,0.0,1014,13,10,169,11,"Portugal,+Viana+do+Alentejo"
2021-11-27,13,4,0.0,5.4,2,48,No moonrise,01:30 PM,07:26 AM,05:13 PM,4,6,8,6,24,54,76,0.3,1016,13,10,312,15,"Portugal,+Viana+do+Alentejo"
2021-11-28,14,5,0.0,3.7,3,41,12:27 AM,01:58 PM,07:28 AM,05:13 PM,5,7,9,7,24,77,78,0.1,1022,14,10,295,15,"Portugal,+Viana+do+Alentejo"
2021-11-29,15,8,0.0,5.4,3,34,01:33 AM,02:24 PM,07:29 AM,05:12 PM,7,9,11,9,24,44,78,0.1,1024,15,10,307,16,"Portugal,+Viana+do+Alentejo"
2021-11-30,15,7,0.0,7.0,3,27,02:40 AM,02:51 PM,07:29 AM,05:12 PM,5,9,10,9,10,28,72,0.0,1025,15,10,122,6,"Portugal,+Viana+do+Alentejo"
2021-12-01,15,6,0.0,7.0,3,21,03:51 AM,03:21 PM,07:30 AM,05:12 PM,6,10,10,10,16,35,77,0.1,1024,15,10,230,10,"Portugal,+Viana+do+Alentejo"
2021-12-02,15,8,0.0,7.0,3,14,05:05 AM,03:54 PM,07:31 AM,05:12 PM,6,8,11,8,30,48,74,0.3,1021,15,10,326,22,"Portugal,+Viana+do+Alentejo"
2021-12-03,16,4,0.0,8.7,4,7,06:22 AM,04:33 PM,07:32 AM,05:12 PM,4,8,9,8,17,5,73,0.0,1026,16,10,300,10,"Portugal,+Viana+do+Alentejo"
2021-12-04,16,7,0.0,3.7,3,0,07:42 AM,05:21 PM,07:33 AM,05:12 PM,9,9,11,9,19,41,88,0.3,1027,16,8,304,12,"Portugal,+Viana+do+Alentejo"
2021-12-05,15,7,0.0,8.7,4,7,08:58 AM,06:19 PM,07:34 AM,05:11 PM,5,8,10,8,29,10,74,0.0,1028,15,10,330,20,"Portugal,+Viana+do+Alentejo"
2021-12-06,16,7,0.0,7.0,3,13,10:06 AM,07:27 PM,07:35 AM,05:11 PM,7,9,10,9,21,29,84,0.0,1028,16,10,326,13,"Portugal,+Viana+do+Alentejo"
2021-12-07,16,8,0.0,5.3,3,20,11:03 AM,08:39 PM,07:36 AM,05:11 PM,10,11,12,11,20,48,88,1.4,1023,16,9,271,13,"Portugal,+Viana+do+Alentejo"
2021-12-08,13,8,0.0,3.7,3,27,11:49 AM,09:52 PM,07:37 AM,05:11 PM,6,8,11,8,29,81,75,0.8,1021,13,10,296,21,"Portugal,+Viana+do+Alentejo"
2021-12-09,15,7,0.0,5.3,3,34,12:25 PM,11:01 PM,07:38 AM,05:12 PM,8,9,10,9,25,57,86,0.2,1027,15,7,290,16,"Portugal,+Viana+do+Alentejo"
2021-12-10,15,9,0.0,3.7,3,40,12:55 PM,No moonset,07:38 AM,05:12 PM,10,11,12,11,23,67,90,0.2,1026,15,7,290,14,"Portugal,+Viana+do+Alentejo"
2021-12-11,20,12,0.0,8.7,5,47,01:22 PM,12:07 AM,07:39 AM,05:12 PM,11,13,14,13,20,36,80,0.0,1025,20,10,181,13,"Portugal,+Viana+do+Alentejo"
2021-12-12,21,10,0.0,8.7,5,54,01:46 PM,01:11 AM,07:40 AM,05:12 PM,9,13,14,13,16,1,74,0.0,1024,21,10,65,9,"Portugal,+Viana+do+Alentejo"
2021-12-13,18,9,0.0,8.7,4,61,02:09 PM,02:11 AM,07:41 AM,05:12 PM,8,12,13,12,15,13,75,0.0,1022,18,10,135,9,"Portugal,+Viana+do+Alentejo"
2021-12-14,18,9,0.0,8.7,4,68,02:33 PM,03:11 AM,07:41 AM,05:12 PM,8,11,12,11,18,26,76,0.0,1021,18,9,96,10,"Portugal,+Viana+do+Alentejo"
2021-12-15,20,8,0.0,8.7,4,74,02:59 PM,04:10 AM,07:42 AM,05:13 PM,4,11,12,11,21,0,60,0.0,1021,20,10,72,11,"Portugal,+Viana+do+Alentejo"
2021-12-16,17,6,0.0,8.7,4,81,03:28 PM,05:09 AM,07:43 AM,05:13 PM,2,9,10,9,21,15,58,0.0,1022,17,10,75,12,"Portugal,+Viana+do+Alentejo"
2021-12-17,17,6,0.0,8.7,4,88,04:01 PM,06:09 AM,07:43 AM,05:13 PM,3,8,10,8,20,10,63,0.0,1024,17,10,73,11,"Portugal,+Viana+do+Alentejo"
2021-12-18,17,7,0.0,8.7,4,95,04:39 PM,07:08 AM,07:44 AM,05:14 PM,3,9,10,9,19,27,59,0.0,1024,17,10,84,10,"Portugal,+Viana+do+Alentejo"
2021-12-19,19,6,0.0,7.0,3,100,05:24 PM,08:05 AM,07:45 AM,05:14 PM,5,9,11,9,24,45,68,0.0,1021,19,10,108,14,"Portugal,+Viana+do+Alentejo"
2021-12-20,13,10,0.0,5.3,3,92,06:15 PM,08:58 AM,07:45 AM,05:15 PM,10,10,12,10,26,80,89,14.1,1019,13,8,150,17,"Portugal,+Viana+do+Alentejo"
2021-12-21,16,12,0.0,3.6,3,85,07:12 PM,09:45 AM,07:46 AM,05:15 PM,12,13,14,13,33,82,87,1.4,1017,16,10,153,21,"Portugal,+Viana+do+Alentejo"
2021-12-22,18,12,0.0,3.6,3,78,08:12 PM,10:26 AM,07:46 AM,05:16 PM,12,13,14,13,23,87,89,24.7,1016,18,9,186,14,"Portugal,+Viana+do+Alentejo"
2021-12-23,15,11,0.0,3.6,3,72,09:15 PM,11:01 AM,07:47 AM,05:16 PM,12,11,13,11,26,91,95,28.8,1015,15,7,164,17,"Portugal,+Viana+do+Alentejo"
2021-12-24,15,9,0.0,7.0,3,65,10:17 PM,11:32 AM,07:47 AM,05:17 PM,9,10,11,10,23,41,88,0.7,1014,15,6,190,14,"Portugal,+Viana+do+Alentejo"
2021-12-25,15,10,0.0,3.6,3,58,11:21 PM,12:00 PM,07:47 AM,05:17 PM,11,11,13,11,33,80,90,21.3,1007,15,8,239,22,"Portugal,+Viana+do+Alentejo"
2021-12-26,17,11,0.0,3.6,3,51,No moonrise,12:26 PM,07:48 AM,05:18 PM,13,13,14,13,24,94,95,0.5,1014,17,7,227,16,"Portugal,+Viana+do+Alentejo"
2021-12-27,17,13,0.0,7.0,4,44,12:25 AM,12:52 PM,07:48 AM,05:19 PM,12,13,15,13,30,72,87,1.8,1017,17,9,255,20,"Portugal,+Viana+do+Alentejo"
2021-12-28,21,10,0.0,7.0,4,38,01:32 AM,01:19 PM,07:48 AM,05:19 PM,12,13,14,13,18,51,89,0.0,1023,21,7,238,11,"Portugal,+Viana+do+Alentejo"
2021-12-29,20,11,0.0,8.7,5,31,02:41 AM,01:49 PM,07:49 AM,05:20 PM,11,15,15,15,12,28,79,0.0,1025,20,10,112,7,"Portugal,+Viana+do+Alentejo"
2021-12-30,21,9,0.0,8.7,4,24,03:55 AM,02:23 PM,07:49 AM,05:21 PM,9,12,13,12,17,0,77,0.0,1024,21,10,90,9,"Portugal,+Viana+do+Alentejo"
