date_time,maxtempC,mintempC,totalSnow_cm,sunHour,uvIndex,moon_illumination,moonrise,moonset,sunrise,sunset,DewPointC,FeelsLikeC,HeatIndexC,WindChillC,WindGustKmph,cloudcover,humidity,precipMM,pressure,tempC,visibility,winddirDegree,windspeedKmph,location
2021-01-01,9,3,0.0,3.6,2,83,07:42 PM,09:53 AM,07:54 AM,05:19 PM,4,4,5,4,12,74,88,5.1,1016,9,8,308,7,"Portugal,+Pedrogao+Grande"
2021-01-02,10,2,0.0,8.7,3,76,08:50 PM,10:31 AM,07:55 AM,05:20 PM,2,4,5,4,9,14,85,0.0,1018,10,10,187,5,"Portugal,+Pedrogao+Grande"
2021-01-03,10,1,0.0,8.7,3,69,09:58 PM,11:05 AM,07:55 AM,05:20 PM,2,4,5,4,8,21,83,0.0,1019,10,10,181,5,"Portugal,+Pedrogao+Grande"
2021-01-04,10,0,0.0,7.0,2,62,11:07 PM,11:35 AM,07:55 AM,05:21 PM,3,5,6,5,5,58,81,0.2,1016,10,10,224,3,"Portugal,+Pedrogao+Grande"
2021-01-05,12,1,0.0,8.7,3,56,No moonrise,12:03 PM,07:55 AM,05:22 PM,1,5,7,5,7,1,78,0.0,1014,12,9,105,4,"Portugal,+Pedrogao+Grande"
2021-01-06,10,-0,0.0,8.7,3,49,12:16 AM,12:30 PM,07:55 AM,05:23 PM,-3,3,5,3,14,8,66,0.0,1013,10,10,69,7,"Portugal,+Pedrogao+Grande"
2021-01-07,9,-1,0.0,8.7,2,42,01:27 AM,12:59 PM,07:54 AM,05:24 PM,-3,1,4,1,16,2,66,0.0,1013,9,10,54,9,"Portugal,+Pedrogao+Grande"
2021-01-08,8,-0,0.0,7.0,1,35,02:38 AM,01:31 PM,07:54 AM,05:25 PM,-5,-1,3,-1,26,35,58,0.0,1011,8,10,42,15,"Portugal,+Pedrogao+Grande"
2021-01-09,6,-1,0.0,5.3,1,28,03:52 AM,02:07 PM,07:54 AM,05:26 PM,-3,-1,2,-1,21,47,69,0.0,1007,6,10,30,13,"Portugal,+Pedrogao+Grande"
2021-01-10,9,-1,0.0,5.3,1,22,05:06 AM,02:51 PM,07:54 AM,05:27 PM,-1,0,3,0,21,35,75,0.0,1014,9,10,37,12,"Portugal,+Pedrogao+Grande"
2021-01-11,9,0,0.0,8.7,2,15,06:18 AM,03:43 PM,07:54 AM,05:28 PM,-3,1,4,1,21,0,66,0.0,1024,9,10,50,12,"Portugal,+Pedrogao+Grande"
2021-01-12,13,0,0.0,8.7,3,8,07:24 AM,04:42 PM,07:53 AM,05:29 PM,-1,5,6,5,8,4,70,0.0,1030,13,10,149,4,"Portugal,+Pedrogao+Grande"
2021-01-13,12,0,0.0,8.7,3,1,08:20 AM,05:48 PM,07:53 AM,05:30 PM,-0,5,6,5,8,18,74,0.0,1031,12,10,130,5,"Portugal,+Pedrogao+Grande"
2021-01-14,11,1,0.0,8.7,2,5,09:07 AM,06:56 PM,07:53 AM,05:31 PM,2,4,5,4,9,27,83,0.0,1031,11,8,160,5,"Portugal,+Pedrogao+Grande"
2021-01-15,14,4,0.0,8.7,2,12,09:45 AM,08:03 PM,07:52 AM,05:32 PM,4,7,8,7,9,4,82,0.0,1029,14,8,126,5,"Portugal,+Pedrogao+Grande"
2021-01-16,15,2,0.0,8.7,3,19,10:17 AM,09:09 PM,07:52 AM,05:34 PM,3,6,7,6,9,3,77,0.0,1029,15,10,140,5,"Portugal,+Pedrogao+Grande"
2021-01-17,16,3,0.0,8.7,2,26,10:44 AM,10:11 PM,07:52 AM,05:35 PM,1,8,9,8,9,14,68,0.0,1029,16,10,147,4,"Portugal,+Pedrogao+Grande"
2021-01-18,17,4,0.0,8.7,4,33,11:09 AM,11:11 PM,07:51 AM,05:36 PM,3,9,10,9,8,5,71,0.0,1027,17,10,143,4,"Portugal,+Pedrogao+Grande"
2021-01-19,12,4,0.0,7.0,2,39,11:33 AM,No moonset,07:51 AM,05:37 PM,4,7,8,7,16,43,76,0.0,1022,12,10,139,10,"Portugal,+Pedrogao+Grande"
2021-01-20,13,10,0.0,3.7,3,46,11:56 AM,12:10 AM,07:50 AM,05:38 PM,10,9,11,9,29,90,92,32.7,1008,13,8,205,17,"Portugal,+Pedrogao+Grande"
2021-01-21,14,11,0.0,3.7,3,53,12:20 PM,01:09 AM,07:50 AM,05:39 PM,11,10,12,10,28,92,96,15.3,1013,14,8,227,17,"Portugal,+Pedrogao+Grande"
2021-01-22,11,8,0.0,3.7,2,60,12:47 PM,02:07 AM,07:49 AM,05:40 PM,8,7,10,7,36,86,87,20.3,1014,11,8,263,20,"Portugal,+Pedrogao+Grande"
2021-01-23,13,5,0.0,3.7,3,66,01:17 PM,03:07 AM,07:48 AM,05:42 PM,9,8,10,8,29,90,94,18.7,1015,13,8,245,17,"Portugal,+Pedrogao+Grande"
2021-01-24,13,7,0.0,3.7,3,73,01:53 PM,04:07 AM,07:48 AM,05:43 PM,10,10,11,10,13,89,96,5.5,1014,13,7,220,8,"Portugal,+Pedrogao+Grande"
2021-01-25,14,9,0.0,3.7,3,80,02:35 PM,05:08 AM,07:47 AM,05:44 PM,12,11,13,11,19,100,97,8.7,1016,14,10,240,12,"Portugal,+Pedrogao+Grande"
2021-01-26,16,13,0.0,3.7,3,87,03:25 PM,06:05 AM,07:46 AM,05:45 PM,14,14,14,14,8,100,99,9.3,1022,16,5,241,5,"Portugal,+Pedrogao+Grande"
2021-01-27,17,12,0.0,3.8,4,93,04:23 PM,06:59 AM,07:45 AM,05:46 PM,13,15,15,15,4,87,94,0.0,1027,17,3,282,2,"Portugal,+Pedrogao+Grande"
2021-01-28,18,12,0.0,7.1,3,100,05:28 PM,07:47 AM,07:45 AM,05:47 PM,12,14,14,14,7,76,90,0.0,1024,18,5,202,5,"Portugal,+Pedrogao+Grande"
2021-01-29,16,12,0.0,5.4,3,93,06:36 PM,08:29 AM,07:44 AM,05:49 PM,11,14,14,14,11,69,86,0.1,1022,16,9,190,7,"Portugal,+Pedrogao+Grande"
2021-01-30,12,9,0.0,3.8,3,86,07:47 PM,09:05 AM,07:43 AM,05:50 PM,9,9,11,9,29,81,86,10.0,1019,12,9,271,18,"Portugal,+Pedrogao+Grande"
2021-01-31,14,7,0.0,3.8,3,79,08:58 PM,09:37 AM,07:42 AM,05:51 PM,12,10,12,10,20,96,95,3.6,1019,14,8,278,13,"Portugal,+Pedrogao+Grande"
2021-02-01,15,9,0.0,3.8,3,73,10:08 PM,10:06 AM,07:41 AM,05:52 PM,11,12,13,12,13,85,91,1.7,1020,15,8,236,9,"Portugal,+Pedrogao+Grande"
2021-02-02,14,12,0.0,3.8,3,66,11:19 PM,10:34 AM,07:40 AM,05:53 PM,11,12,13,12,16,82,90,0.8,1017,14,8,182,10,"Portugal,+Pedrogao+Grande"
2021-02-03,15,10,0.0,5.4,3,59,No moonrise,11:03 AM,07:39 AM,05:55 PM,10,11,12,11,19,72,87,4.1,1012,15,9,210,12,"Portugal,+Pedrogao+Grande"
2021-02-04,14,8,0.0,3.8,3,52,12:30 AM,11:33 AM,07:38 AM,05:56 PM,8,10,10,10,8,78,88,1.3,1010,14,7,193,5,"Portugal,+Pedrogao+Grande"
2021-02-05,9,8,0.0,3.8,2,46,01:42 AM,12:07 PM,07:37 AM,05:57 PM,8,7,9,7,15,93,94,22.4,1004,9,8,113,10,"Portugal,+Pedrogao+Grande"
2021-02-06,12,6,0.0,3.8,2,39,02:54 AM,12:47 PM,07:36 AM,05:58 PM,7,7,9,7,19,76,84,2.2,1004,12,8,326,13,"Portugal,+Pedrogao+Grande"
2021-02-07,9,0,0.0,5.5,2,32,04:05 AM,01:34 PM,07:35 AM,05:59 PM,6,5,6,5,12,61,90,14.4,1010,9,9,210,8,"Portugal,+Pedrogao+Grande"
2021-02-08,12,8,0.0,8.5,3,25,05:11 AM,02:29 PM,07:34 AM,06:00 PM,8,8,10,8,27,60,88,29.5,1007,12,9,259,15,"Portugal,+Pedrogao+Grande"
2021-02-09,11,10,0.0,5.3,3,18,06:10 AM,03:31 PM,07:33 AM,06:02 PM,9,8,10,8,33,96,90,50.5,1004,11,8,233,20,"Portugal,+Pedrogao+Grande"
2021-02-10,13,5,0.0,8.5,3,12,07:00 AM,04:38 PM,07:32 AM,06:03 PM,7,8,10,8,14,69,85,6.1,1013,13,10,199,8,"Portugal,+Pedrogao+Grande"
2021-02-11,16,11,0.0,5.4,3,5,07:41 AM,05:45 PM,07:30 AM,06:04 PM,12,13,13,13,19,93,94,13.7,1018,16,8,193,12,"Portugal,+Pedrogao+Grande"
2021-02-12,16,9,0.0,6.9,3,2,08:15 AM,06:51 PM,07:29 AM,06:05 PM,10,11,12,11,10,70,89,5.6,1023,16,9,229,6,"Portugal,+Pedrogao+Grande"
2021-02-13,17,7,0.0,10.8,4,9,08:44 AM,07:56 PM,07:28 AM,06:06 PM,8,12,12,12,6,26,81,0.0,1026,17,10,186,4,"Portugal,+Pedrogao+Grande"
2021-02-14,19,8,0.0,10.8,4,15,09:10 AM,08:57 PM,07:27 AM,06:07 PM,7,13,14,13,11,25,71,0.0,1026,19,10,134,6,"Portugal,+Pedrogao+Grande"
2021-02-15,19,8,0.0,10.8,4,22,09:34 AM,09:57 PM,07:25 AM,06:09 PM,7,12,12,12,19,2,73,0.0,1026,19,10,129,11,"Portugal,+Pedrogao+Grande"
2021-02-16,14,10,0.0,5.4,3,29,09:57 AM,10:56 PM,07:24 AM,06:10 PM,10,11,12,11,15,76,86,4.0,1026,14,10,177,9,"Portugal,+Pedrogao+Grande"
2021-02-17,17,11,0.0,10.1,3,36,10:21 AM,11:56 PM,07:23 AM,06:11 PM,11,12,13,12,15,60,86,1.6,1022,17,8,165,10,"Portugal,+Pedrogao+Grande"
2021-02-18,14,8,0.0,7.0,3,42,10:46 AM,No moonset,07:22 AM,06:12 PM,9,10,11,10,16,69,88,15.4,1016,14,8,199,10,"Portugal,+Pedrogao+Grande"
2021-02-19,16,10,0.0,7.0,3,49,11:15 AM,12:55 AM,07:20 AM,06:13 PM,10,11,12,11,21,80,87,1.0,1014,16,9,164,13,"Portugal,+Pedrogao+Grande"
2021-02-20,13,10,0.0,5.5,3,56,11:48 AM,01:55 AM,07:19 AM,06:14 PM,10,11,12,11,24,98,89,50.5,1007,13,7,205,16,"Portugal,+Pedrogao+Grande"
2021-02-21,11,6,0.0,7.0,2,63,12:26 PM,02:54 AM,07:17 AM,06:15 PM,7,7,9,7,15,87,89,40.1,1006,11,8,289,10,"Portugal,+Pedrogao+Grande"
2021-02-22,14,4,0.0,11.0,3,70,01:13 PM,03:53 AM,07:16 AM,06:17 PM,5,8,8,8,7,36,78,0.6,1020,14,10,213,4,"Portugal,+Pedrogao+Grande"
2021-02-23,16,6,0.0,7.0,3,76,02:07 PM,04:48 AM,07:15 AM,06:18 PM,5,9,10,9,18,61,73,0.0,1027,16,10,126,11,"Portugal,+Pedrogao+Grande"
2021-02-24,17,7,0.0,11.1,4,83,03:09 PM,05:38 AM,07:13 AM,06:19 PM,8,11,12,11,17,19,76,0.4,1027,17,10,145,11,"Portugal,+Pedrogao+Grande"
2021-02-25,13,10,0.0,7.1,3,90,04:16 PM,06:22 AM,07:12 AM,06:20 PM,10,11,11,11,8,84,92,24.7,1024,13,7,112,5,"Portugal,+Pedrogao+Grande"
2021-02-26,19,9,0.0,11.1,4,97,05:27 PM,07:01 AM,07:10 AM,06:21 PM,9,12,13,12,13,33,81,0.0,1028,19,10,50,7,"Portugal,+Pedrogao+Grande"
2021-02-27,19,9,0.0,11.1,4,97,06:39 PM,07:35 AM,07:09 AM,06:22 PM,8,12,13,12,14,15,76,0.0,1024,19,10,59,8,"Portugal,+Pedrogao+Grande"
2021-02-28,20,7,0.0,11.2,4,90,07:53 PM,08:06 AM,07:07 AM,06:23 PM,7,12,14,12,11,4,72,0.0,1019,20,10,133,6,"Portugal,+Pedrogao+Grande"
2021-03-01,18,8,0.0,8.6,3,83,09:06 PM,08:35 AM,07:06 AM,06:24 PM,9,13,13,13,10,43,79,0.6,1018,18,10,180,7,"Portugal,+Pedrogao+Grande"
2021-03-02,14,8,0.0,7.1,3,76,10:19 PM,09:04 AM,07:04 AM,06:26 PM,8,11,11,11,6,72,84,0.1,1024,14,10,201,4,"Portugal,+Pedrogao+Grande"
2021-03-03,21,8,0.0,10.1,4,69,11:33 PM,09:34 AM,07:03 AM,06:27 PM,9,13,14,13,10,29,79,0.7,1025,21,8,120,6,"Portugal,+Pedrogao+Grande"
2021-03-04,17,10,0.0,5.6,3,63,No moonrise,10:07 AM,07:01 AM,06:28 PM,10,13,13,13,10,84,85,7.3,1017,17,9,118,7,"Portugal,+Pedrogao+Grande"
2021-03-05,20,10,0.0,10.1,3,56,12:46 AM,10:46 AM,07:00 AM,06:29 PM,9,14,14,14,7,66,81,3.5,1015,20,9,124,5,"Portugal,+Pedrogao+Grande"
2021-03-06,20,7,0.0,10.2,3,49,01:58 AM,11:31 AM,06:58 AM,06:30 PM,8,13,14,13,10,16,77,0.1,1019,20,10,169,6,"Portugal,+Pedrogao+Grande"
2021-03-07,18,7,0.0,11.6,4,42,03:06 AM,12:23 PM,06:57 AM,06:31 PM,8,12,13,12,8,7,80,0.0,1018,18,9,179,5,"Portugal,+Pedrogao+Grande"
2021-03-08,15,6,0.0,10.2,3,36,04:06 AM,01:22 PM,06:55 AM,06:32 PM,6,9,10,9,9,42,81,0.0,1016,15,8,198,6,"Portugal,+Pedrogao+Grande"
2021-03-09,16,5,0.0,11.6,4,29,04:57 AM,02:26 PM,06:53 AM,06:33 PM,3,9,11,9,15,9,66,0.0,1020,16,10,115,10,"Portugal,+Pedrogao+Grande"
2021-03-10,17,5,0.0,11.6,4,22,05:40 AM,03:33 PM,06:52 AM,06:34 PM,6,10,10,10,7,20,76,0.0,1024,17,10,182,5,"Portugal,+Pedrogao+Grande"
2021-03-11,16,9,0.0,7.3,3,15,06:15 AM,04:38 PM,06:50 AM,06:35 PM,10,12,12,12,9,83,86,0.3,1026,16,8,208,6,"Portugal,+Pedrogao+Grande"
2021-03-12,14,9,0.0,8.8,3,9,06:45 AM,05:43 PM,06:49 AM,06:36 PM,8,11,11,11,11,60,82,1.5,1025,14,8,318,8,"Portugal,+Pedrogao+Grande"
2021-03-13,15,5,0.0,11.6,3,2,07:12 AM,06:45 PM,06:47 AM,06:37 PM,6,9,9,9,12,20,79,0.0,1026,15,9,143,8,"Portugal,+Pedrogao+Grande"
2021-03-14,18,5,0.0,11.6,4,5,07:36 AM,07:46 PM,06:45 AM,06:38 PM,6,10,10,10,11,13,78,0.0,1027,18,9,150,8,"Portugal,+Pedrogao+Grande"
2021-03-15,20,7,0.0,11.6,4,12,07:59 AM,08:45 PM,06:44 AM,06:39 PM,7,12,13,12,11,23,72,0.0,1024,20,10,131,7,"Portugal,+Pedrogao+Grande"
2021-03-16,21,8,0.0,11.6,5,19,08:22 AM,09:45 PM,06:42 AM,06:40 PM,6,13,14,13,17,17,61,0.0,1024,21,10,63,10,"Portugal,+Pedrogao+Grande"
2021-03-17,21,8,0.0,11.6,5,25,08:47 AM,10:44 PM,06:41 AM,06:42 PM,6,12,14,12,23,3,61,0.0,1022,21,10,61,14,"Portugal,+Pedrogao+Grande"
2021-03-18,18,7,0.0,11.6,4,32,09:14 AM,11:44 PM,06:39 AM,06:43 PM,1,10,12,10,23,1,49,0.0,1020,18,10,50,14,"Portugal,+Pedrogao+Grande"
2021-03-19,16,4,0.0,11.6,4,39,09:45 AM,No moonset,06:37 AM,06:44 PM,2,9,10,9,19,13,58,0.0,1017,16,10,116,12,"Portugal,+Pedrogao+Grande"
2021-03-20,16,4,0.0,11.6,4,46,10:20 AM,12:43 AM,06:36 AM,06:45 PM,1,9,11,9,22,3,56,0.0,1019,16,10,42,15,"Portugal,+Pedrogao+Grande"
2021-03-21,17,3,0.0,11.6,4,52,11:03 AM,01:42 AM,06:34 AM,06:46 PM,-1,9,11,9,19,1,53,0.0,1024,17,10,81,12,"Portugal,+Pedrogao+Grande"
2021-03-22,20,4,0.0,11.6,4,59,11:53 AM,02:37 AM,06:32 AM,06:47 PM,4,11,12,11,12,0,64,0.0,1020,20,10,60,8,"Portugal,+Pedrogao+Grande"
2021-03-23,20,6,0.0,11.6,4,66,12:50 PM,03:29 AM,06:31 AM,06:48 PM,5,12,12,12,8,14,69,0.0,1022,20,9,190,6,"Portugal,+Pedrogao+Grande"
2021-03-24,15,7,0.0,8.9,3,73,01:54 PM,04:15 AM,06:29 AM,06:49 PM,7,10,11,10,9,59,79,0.0,1025,15,9,330,7,"Portugal,+Pedrogao+Grande"
2021-03-25,17,4,0.0,11.6,3,80,03:03 PM,04:55 AM,06:28 AM,06:50 PM,6,10,10,10,10,18,78,0.0,1023,17,7,186,7,"Portugal,+Pedrogao+Grande"
2021-03-26,17,5,0.0,11.6,3,86,04:14 PM,05:31 AM,06:26 AM,06:51 PM,6,10,11,10,11,13,77,0.0,1023,17,7,181,8,"Portugal,+Pedrogao+Grande"
2021-03-27,24,6,0.0,11.6,5,93,05:28 PM,06:03 AM,06:24 AM,06:52 PM,6,15,16,15,10,8,63,0.0,1019,24,10,124,6,"Portugal,+Pedrogao+Grande"
2021-03-28,24,10,0.0,10.2,4,100,06:42 PM,06:32 AM,06:23 AM,06:53 PM,9,16,17,16,8,25,67,1.0,1019,24,10,164,5,"Portugal,+Pedrogao+Grande"
2021-03-29,24,12,0.0,10.2,4,93,07:57 PM,07:02 AM,06:21 AM,06:54 PM,8,17,18,17,13,57,63,1.0,1020,24,10,102,8,"Portugal,+Pedrogao+Grande"
2021-03-30,24,12,0.0,11.6,5,87,09:14 PM,07:32 AM,06:19 AM,06:55 PM,9,17,18,17,16,32,64,0.4,1019,24,10,96,10,"Portugal,+Pedrogao+Grande"
2021-03-31,27,14,0.0,11.6,5,80,10:31 PM,08:04 AM,06:18 AM,06:56 PM,7,20,20,20,20,26,48,0.2,1011,27,10,97,13,"Portugal,+Pedrogao+Grande"
2021-04-01,17,11,0.0,6.2,4,73,11:47 PM,08:42 AM,06:16 AM,06:57 PM,12,15,15,15,18,72,81,13.8,1013,17,9,184,10,"Portugal,+Pedrogao+Grande"
2021-04-02,17,10,0.0,6.2,3,66,No moonrise,09:26 AM,06:15 AM,06:58 PM,10,13,13,13,9,87,86,3.5,1017,17,6,245,6,"Portugal,+Pedrogao+Grande"
2021-04-03,22,8,0.0,11.6,4,60,12:58 AM,10:17 AM,06:13 AM,06:59 PM,9,15,16,15,9,22,76,0.0,1015,22,7,177,7,"Portugal,+Pedrogao+Grande"
2021-04-04,22,8,0.0,11.6,5,53,02:02 AM,11:16 AM,06:12 AM,07:00 PM,3,14,15,14,18,3,50,0.0,1014,22,10,113,11,"Portugal,+Pedrogao+Grande"
2021-04-05,25,8,0.0,11.6,5,46,02:57 AM,12:19 PM,06:10 AM,07:01 PM,5,16,17,16,11,0,53,0.0,1017,25,10,159,7,"Portugal,+Pedrogao+Grande"
2021-04-06,22,10,0.0,11.6,5,39,03:42 AM,01:25 PM,06:08 AM,07:02 PM,8,16,16,16,8,1,63,0.0,1015,22,10,163,6,"Portugal,+Pedrogao+Grande"
2021-04-07,22,8,0.0,11.6,5,32,04:18 AM,02:30 PM,06:07 AM,07:03 PM,7,14,15,14,9,11,65,0.0,1015,22,10,152,6,"Portugal,+Pedrogao+Grande"
2021-04-08,21,9,0.0,11.6,5,26,04:49 AM,03:35 PM,06:05 AM,07:04 PM,7,15,16,15,10,18,67,0.0,1018,21,10,177,7,"Portugal,+Pedrogao+Grande"
2021-04-09,18,10,0.0,6.5,4,19,05:17 AM,04:37 PM,06:04 AM,07:05 PM,11,13,13,13,12,69,86,10.5,1016,18,10,176,7,"Portugal,+Pedrogao+Grande"
2021-04-10,17,10,0.0,6.5,3,12,05:41 AM,05:38 PM,06:02 AM,07:06 PM,11,13,13,13,13,72,88,7.0,1011,17,8,170,9,"Portugal,+Pedrogao+Grande"
2021-04-11,17,11,0.0,10.3,3,5,06:04 AM,06:37 PM,06:01 AM,07:07 PM,10,13,13,13,12,58,82,6.1,1014,17,10,270,9,"Portugal,+Pedrogao+Grande"
2021-04-12,21,7,0.0,13.3,4,1,06:26 AM,07:36 PM,05:59 AM,07:08 PM,4,13,14,13,18,36,58,0.0,1020,21,10,76,12,"Portugal,+Pedrogao+Grande"
2021-04-13,21,9,0.0,13.3,4,8,06:50 AM,08:35 PM,05:58 AM,07:09 PM,5,15,16,15,12,46,52,0.1,1021,21,10,102,7,"Portugal,+Pedrogao+Grande"
2021-04-14,23,10,0.0,10.9,4,15,07:16 AM,09:36 PM,05:56 AM,07:10 PM,10,14,15,14,9,58,78,6.1,1016,23,10,161,5,"Portugal,+Pedrogao+Grande"
2021-04-15,22,13,0.0,9.7,4,22,07:45 AM,10:35 PM,05:55 AM,07:11 PM,13,17,19,17,6,85,83,11.1,1013,22,9,182,4,"Portugal,+Pedrogao+Grande"
2021-04-16,22,9,0.0,13.6,5,29,08:18 AM,11:34 PM,05:53 AM,07:12 PM,7,15,16,15,9,6,64,0.0,1016,22,10,92,6,"Portugal,+Pedrogao+Grande"
2021-04-17,21,7,0.0,13.6,5,35,08:58 AM,No moonset,05:52 AM,07:13 PM,2,13,14,13,14,19,48,0.0,1020,21,10,92,9,"Portugal,+Pedrogao+Grande"
2021-04-18,21,9,0.0,13.3,4,42,09:44 AM,12:30 AM,05:51 AM,07:14 PM,5,15,15,15,9,34,55,0.0,1021,21,10,190,6,"Portugal,+Pedrogao+Grande"
2021-04-19,17,11,0.0,12.1,4,49,10:37 AM,01:23 AM,05:49 AM,07:15 PM,10,14,14,14,9,76,76,0.3,1018,17,9,248,7,"Portugal,+Pedrogao+Grande"
2021-04-20,19,11,0.0,9.7,4,56,11:38 AM,02:10 AM,05:48 AM,07:16 PM,10,15,15,15,10,85,78,0.2,1016,19,8,281,8,"Portugal,+Pedrogao+Grande"
2021-04-21,13,5,0.0,8.6,3,62,12:43 PM,02:51 AM,05:46 AM,07:17 PM,11,11,11,11,5,97,95,10.4,1014,13,5,177,4,"Portugal,+Pedrogao+Grande"
2021-04-22,21,11,0.0,9.8,4,69,01:52 PM,03:28 AM,05:45 AM,07:18 PM,11,15,15,15,9,84,80,3.1,1012,21,8,198,7,"Portugal,+Pedrogao+Grande"
2021-04-23,23,12,0.0,13.8,5,76,03:02 PM,04:00 AM,05:43 AM,07:19 PM,9,16,17,16,14,45,66,0.0,1012,23,10,155,9,"Portugal,+Pedrogao+Grande"
2021-04-24,22,12,0.0,12.1,4,83,04:15 PM,04:29 AM,05:42 AM,07:20 PM,12,15,16,15,16,58,81,6.5,1010,22,9,147,10,"Portugal,+Pedrogao+Grande"
2021-04-25,22,13,0.0,8.6,4,89,05:29 PM,04:58 AM,05:41 AM,07:21 PM,12,16,16,16,12,77,82,8.9,1008,22,10,124,8,"Portugal,+Pedrogao+Grande"
2021-04-26,21,11,0.0,9.8,4,96,06:45 PM,05:28 AM,05:39 AM,07:23 PM,12,16,16,16,8,71,83,11.1,1006,21,9,224,5,"Portugal,+Pedrogao+Grande"
2021-04-27,20,11,0.0,13.9,5,97,08:04 PM,05:59 AM,05:38 AM,07:24 PM,11,15,15,15,9,42,81,0.5,1007,20,8,308,7,"Portugal,+Pedrogao+Grande"
2021-04-28,20,11,0.0,8.7,4,90,09:24 PM,06:34 AM,05:37 AM,07:25 PM,11,14,14,14,11,86,81,0.6,1006,20,8,233,8,"Portugal,+Pedrogao+Grande"
2021-04-29,14,10,0.0,9.9,3,83,10:40 PM,07:16 AM,05:35 AM,07:26 PM,7,11,12,11,10,85,75,0.2,1009,14,10,291,7,"Portugal,+Pedrogao+Grande"
2021-04-30,18,7,0.0,11.0,3,77,11:51 PM,08:06 AM,05:34 AM,07:27 PM,6,11,12,11,10,64,73,0.3,1011,18,10,200,7,"Portugal,+Pedrogao+Grande"
2021-05-01,16,8,0.0,13.3,3,70,No moonrise,09:04 AM,05:33 AM,07:28 PM,6,11,12,11,15,30,68,0.0,1015,16,10,303,12,"Portugal,+Pedrogao+Grande"
2021-05-02,18,7,0.0,14.0,4,63,12:51 AM,10:08 AM,05:32 AM,07:29 PM,6,12,12,12,10,6,68,0.0,1019,18,10,179,7,"Portugal,+Pedrogao+Grande"
2021-05-03,21,6,0.0,14.0,5,56,01:41 AM,11:15 AM,05:31 AM,07:30 PM,4,13,14,13,14,9,60,0.0,1019,21,10,153,9,"Portugal,+Pedrogao+Grande"
2021-05-04,22,9,0.0,14.0,5,50,02:21 AM,12:22 PM,05:29 AM,07:31 PM,7,15,15,15,12,16,66,0.0,1018,22,9,224,8,"Portugal,+Pedrogao+Grande"
2021-05-05,22,11,0.0,14.0,5,43,02:54 AM,01:28 PM,05:28 AM,07:32 PM,11,15,16,15,13,44,78,0.0,1017,22,7,250,9,"Portugal,+Pedrogao+Grande"
2021-05-06,22,11,0.0,13.4,4,36,03:22 AM,02:30 PM,05:27 AM,07:33 PM,12,16,17,16,10,61,80,0.0,1019,22,5,249,7,"Portugal,+Pedrogao+Grande"
2021-05-07,24,11,0.0,14.1,4,29,03:47 AM,03:31 PM,05:26 AM,07:34 PM,10,17,17,17,9,27,70,0.0,1019,24,7,255,7,"Portugal,+Pedrogao+Grande"
2021-05-08,23,10,0.0,14.1,5,22,04:09 AM,04:30 PM,05:25 AM,07:35 PM,9,16,17,16,11,21,71,0.0,1013,23,8,175,8,"Portugal,+Pedrogao+Grande"
2021-05-09,17,10,0.0,11.1,3,16,04:32 AM,05:30 PM,05:24 AM,07:36 PM,10,13,14,13,17,65,78,19.7,1008,17,9,242,12,"Portugal,+Pedrogao+Grande"
2021-05-10,14,8,0.0,8.8,3,9,04:55 AM,06:28 PM,05:23 AM,07:37 PM,9,9,10,9,19,77,90,24.4,1012,14,8,221,11,"Portugal,+Pedrogao+Grande"
2021-05-11,17,7,0.0,13.4,3,2,05:20 AM,07:28 PM,05:22 AM,07:37 PM,7,11,12,11,13,56,74,3.2,1021,17,10,230,9,"Portugal,+Pedrogao+Grande"
2021-05-12,18,11,0.0,11.1,4,5,05:47 AM,08:28 PM,05:21 AM,07:38 PM,10,14,14,14,18,72,77,1.8,1020,18,9,257,13,"Portugal,+Pedrogao+Grande"
2021-05-13,16,9,0.0,11.1,3,11,06:19 AM,09:28 PM,05:20 AM,07:39 PM,11,12,13,12,17,72,86,1.3,1018,16,6,265,11,"Portugal,+Pedrogao+Grande"
2021-05-14,19,10,0.0,12.3,4,18,06:56 AM,10:25 PM,05:19 AM,07:40 PM,8,14,14,14,11,39,72,0.7,1020,19,8,326,8,"Portugal,+Pedrogao+Grande"
2021-05-15,22,11,0.0,12.3,4,25,07:40 AM,11:19 PM,05:18 AM,07:41 PM,13,17,17,17,11,61,82,0.1,1018,22,7,215,8,"Portugal,+Pedrogao+Grande"
2021-05-16,19,13,0.0,10.0,4,32,08:31 AM,No moonset,05:17 AM,07:42 PM,13,16,17,16,10,75,85,0.4,1019,19,7,263,8,"Portugal,+Pedrogao+Grande"
2021-05-17,21,11,0.0,13.4,4,38,09:29 AM,12:08 AM,05:16 AM,07:43 PM,10,16,17,16,11,33,73,0.0,1021,21,10,297,8,"Portugal,+Pedrogao+Grande"
2021-05-18,23,9,0.0,14.3,5,45,10:30 AM,12:50 AM,05:15 AM,07:44 PM,7,16,16,16,11,7,61,0.0,1025,23,10,175,8,"Portugal,+Pedrogao+Grande"
2021-05-19,22,9,0.0,14.3,4,52,11:37 AM,01:28 AM,05:14 AM,07:45 PM,8,15,15,15,13,8,69,0.0,1025,22,8,220,10,"Portugal,+Pedrogao+Grande"
2021-05-20,29,12,0.0,14.3,6,59,12:44 PM,02:00 AM,05:13 AM,07:46 PM,9,21,21,20,11,8,59,0.0,1021,29,10,146,7,"Portugal,+Pedrogao+Grande"
2021-05-21,22,12,0.0,14.3,4,66,01:54 PM,02:29 AM,05:13 AM,07:47 PM,11,16,17,16,12,34,77,0.0,1019,22,7,245,9,"Portugal,+Pedrogao+Grande"
2021-05-22,16,8,0.0,11.2,3,72,03:05 PM,02:57 AM,05:12 AM,07:48 PM,7,12,12,12,13,53,72,0.0,1020,16,10,213,10,"Portugal,+Pedrogao+Grande"
2021-05-23,20,8,0.0,14.4,5,79,04:18 PM,03:25 AM,05:11 AM,07:48 PM,6,12,13,12,17,3,68,0.0,1019,20,9,216,12,"Portugal,+Pedrogao+Grande"
2021-05-24,20,12,0.0,9.0,4,86,05:35 PM,03:54 AM,05:11 AM,07:49 PM,11,15,15,15,17,85,78,2.7,1024,20,10,291,13,"Portugal,+Pedrogao+Grande"
2021-05-25,23,8,0.0,13.4,4,93,06:53 PM,04:26 AM,05:10 AM,07:50 PM,8,15,16,15,13,20,69,0.0,1022,23,9,145,10,"Portugal,+Pedrogao+Grande"
2021-05-26,25,12,0.0,14.4,6,99,08:12 PM,05:05 AM,05:09 AM,07:51 PM,10,18,19,18,8,10,68,0.0,1018,25,10,244,7,"Portugal,+Pedrogao+Grande"
2021-05-27,26,11,0.0,14.4,6,94,09:29 PM,05:51 AM,05:09 AM,07:52 PM,11,18,18,18,8,15,71,0.0,1015,26,9,194,6,"Portugal,+Pedrogao+Grande"
2021-05-28,25,11,0.0,13.4,5,87,10:36 PM,06:46 AM,05:08 AM,07:52 PM,11,18,19,18,9,22,71,0.0,1018,25,8,247,7,"Portugal,+Pedrogao+Grande"
2021-05-29,27,11,0.0,14.5,6,80,11:33 PM,07:50 AM,05:08 AM,07:53 PM,12,19,20,19,9,6,72,0.0,1020,27,8,210,7,"Portugal,+Pedrogao+Grande"
2021-05-30,31,14,0.0,14.5,7,73,No moonrise,08:58 AM,05:07 AM,07:54 PM,14,22,22,22,9,7,66,0.0,1016,31,10,135,7,"Portugal,+Pedrogao+Grande"
2021-05-31,30,16,0.0,10.1,5,67,12:18 AM,10:08 AM,05:07 AM,07:55 PM,14,21,21,20,10,57,71,4.9,1010,30,10,186,6,"Portugal,+Pedrogao+Grande"
2021-06-01,21,15,0.0,9.1,4,60,12:55 AM,11:17 AM,05:06 AM,07:55 PM,14,17,17,17,10,84,82,1.6,1011,21,8,240,8,"Portugal,+Pedrogao+Grande"
2021-06-02,18,11,0.0,10.2,4,53,01:25 AM,12:21 PM,05:06 AM,07:56 PM,11,15,15,15,11,89,82,0.5,1016,18,7,258,8,"Portugal,+Pedrogao+Grande"
2021-06-03,20,8,0.0,12.3,4,46,01:51 AM,01:24 PM,05:05 AM,07:57 PM,7,13,14,13,17,30,69,0.0,1021,20,9,254,12,"Portugal,+Pedrogao+Grande"
2021-06-04,22,8,0.0,14.5,5,40,02:15 AM,02:24 PM,05:05 AM,07:57 PM,8,15,15,15,15,8,69,0.0,1022,22,9,258,11,"Portugal,+Pedrogao+Grande"
2021-06-05,29,11,0.0,14.5,6,33,02:37 AM,03:23 PM,05:05 AM,07:58 PM,10,20,20,19,10,5,63,0.0,1021,29,10,181,7,"Portugal,+Pedrogao+Grande"
2021-06-06,27,13,0.0,14.5,6,26,03:00 AM,04:22 PM,05:04 AM,07:59 PM,12,21,21,20,8,3,67,0.0,1022,27,10,256,7,"Portugal,+Pedrogao+Grande"
2021-06-07,27,12,0.0,14.5,5,19,03:24 AM,05:21 PM,05:04 AM,07:59 PM,12,18,19,18,9,25,74,0.0,1020,27,7,260,7,"Portugal,+Pedrogao+Grande"
2021-06-08,28,10,0.0,14.5,6,13,03:51 AM,06:21 PM,05:04 AM,08:00 PM,11,21,21,20,10,26,68,0.0,1021,28,8,251,7,"Portugal,+Pedrogao+Grande"
2021-06-09,28,12,0.0,14.5,6,6,04:20 AM,07:21 PM,05:04 AM,08:00 PM,12,21,21,20,10,7,69,0.0,1020,28,8,243,8,"Portugal,+Pedrogao+Grande"
2021-06-10,29,13,0.0,14.5,6,1,04:56 AM,08:20 PM,05:04 AM,08:01 PM,13,22,22,21,9,15,71,0.0,1017,29,7,241,7,"Portugal,+Pedrogao+Grande"
2021-06-11,31,13,0.0,12.4,5,8,05:38 AM,09:15 PM,05:04 AM,08:01 PM,15,22,22,21,10,60,76,8.6,1014,31,7,158,7,"Portugal,+Pedrogao+Grande"
2021-06-12,34,17,0.0,14.5,7,15,06:27 AM,10:06 PM,05:04 AM,08:02 PM,13,27,27,26,11,14,56,0.6,1013,34,10,128,8,"Portugal,+Pedrogao+Grande"
2021-06-13,31,17,0.0,14.5,7,21,07:23 AM,10:50 PM,05:04 AM,08:02 PM,14,24,24,23,12,7,66,0.0,1017,31,10,195,9,"Portugal,+Pedrogao+Grande"
2021-06-14,30,16,0.0,14.5,7,28,08:23 AM,11:29 PM,05:03 AM,08:03 PM,15,24,24,23,9,5,70,0.0,1018,30,10,254,7,"Portugal,+Pedrogao+Grande"
2021-06-15,32,17,0.0,14.5,7,35,09:28 AM,No moonset,05:04 AM,08:03 PM,16,24,24,23,9,20,69,0.1,1014,32,10,175,6,"Portugal,+Pedrogao+Grande"
2021-06-16,28,16,0.0,12.4,5,42,10:34 AM,12:02 AM,05:04 AM,08:03 PM,15,21,21,20,11,64,76,2.0,1011,28,9,240,9,"Portugal,+Pedrogao+Grande"
2021-06-17,19,14,0.0,9.4,4,48,11:41 AM,12:32 AM,05:04 AM,08:04 PM,14,16,16,16,9,85,86,2.1,1012,19,9,240,7,"Portugal,+Pedrogao+Grande"
2021-06-18,21,14,0.0,11.4,4,55,12:49 PM,12:59 AM,05:04 AM,08:04 PM,14,17,17,17,10,74,85,16.9,1013,21,8,202,6,"Portugal,+Pedrogao+Grande"
2021-06-19,15,12,0.0,9.4,4,62,01:59 PM,01:26 AM,05:04 AM,08:04 PM,13,14,14,14,11,96,90,2.3,1015,15,10,279,8,"Portugal,+Pedrogao+Grande"
2021-06-20,19,12,0.0,10.4,4,69,03:12 PM,01:53 AM,05:04 AM,08:04 PM,12,15,15,15,18,89,80,5.6,1013,19,9,219,13,"Portugal,+Pedrogao+Grande"
2021-06-21,21,13,0.0,9.4,4,76,04:27 PM,02:22 AM,05:04 AM,08:05 PM,13,17,17,17,15,76,81,6.5,1014,21,9,265,11,"Portugal,+Pedrogao+Grande"
2021-06-22,22,12,0.0,9.4,4,82,05:45 PM,02:57 AM,05:05 AM,08:05 PM,13,17,18,17,12,78,79,0.4,1017,22,7,326,10,"Portugal,+Pedrogao+Grande"
2021-06-23,26,13,0.0,14.5,6,89,07:02 PM,03:38 AM,05:05 AM,08:05 PM,11,20,20,20,11,7,66,0.0,1018,26,8,189,9,"Portugal,+Pedrogao+Grande"
2021-06-24,30,13,0.0,14.5,6,96,08:14 PM,04:28 AM,05:05 AM,08:05 PM,10,22,22,21,13,3,55,0.0,1017,30,10,160,9,"Portugal,+Pedrogao+Grande"
2021-06-25,34,17,0.0,14.5,7,97,09:18 PM,05:28 AM,05:05 AM,08:05 PM,11,26,26,25,11,0,48,0.0,1017,34,10,187,8,"Portugal,+Pedrogao+Grande"
2021-06-26,28,16,0.0,14.5,6,91,10:09 PM,06:35 AM,05:06 AM,08:05 PM,12,22,22,21,10,5,63,0.0,1016,28,10,269,8,"Portugal,+Pedrogao+Grande"
2021-06-27,21,13,0.0,13.5,4,84,10:51 PM,07:47 AM,05:06 AM,08:05 PM,10,16,17,16,18,40,70,0.0,1018,21,9,321,14,"Portugal,+Pedrogao+Grande"
2021-06-28,23,10,0.0,13.5,4,77,11:25 PM,08:58 AM,05:07 AM,08:05 PM,11,16,17,16,16,49,75,0.0,1022,23,7,299,12,"Portugal,+Pedrogao+Grande"
2021-06-29,23,10,0.0,14.5,5,70,11:53 PM,10:07 AM,05:07 AM,08:05 PM,10,17,17,17,14,7,70,0.0,1021,23,9,333,10,"Portugal,+Pedrogao+Grande"
2021-06-30,25,10,0.0,13.5,5,64,No moonrise,11:12 AM,05:07 AM,08:05 PM,10,17,18,17,10,38,70,0.0,1018,25,7,295,8,"Portugal,+Pedrogao+Grande"
2021-07-01,26,11,0.0,14.5,6,57,12:18 AM,12:14 PM,05:08 AM,08:05 PM,11,19,19,19,11,43,70,0.0,1019,26,8,244,8,"Portugal,+Pedrogao+Grande"
2021-07-02,27,13,0.0,14.5,6,50,12:41 AM,01:14 PM,05:08 AM,08:05 PM,13,20,20,20,10,15,69,0.0,1018,27,10,244,8,"Portugal,+Pedrogao+Grande"
2021-07-03,26,17,0.0,12.4,5,43,01:04 AM,02:13 PM,05:09 AM,08:05 PM,15,21,21,20,10,50,75,0.4,1018,26,9,241,8,"Portugal,+Pedrogao+Grande"
2021-07-04,26,14,0.0,12.4,5,36,01:28 AM,03:13 PM,05:10 AM,08:05 PM,13,19,20,19,8,51,74,0.0,1019,26,9,287,7,"Portugal,+Pedrogao+Grande"
2021-07-05,27,15,0.0,14.5,6,30,01:53 AM,04:13 PM,05:10 AM,08:04 PM,15,21,21,20,10,16,76,0.0,1016,27,7,202,8,"Portugal,+Pedrogao+Grande"
2021-07-06,23,16,0.0,12.4,4,23,02:22 AM,05:13 PM,05:11 AM,08:04 PM,13,19,20,19,13,55,73,2.8,1016,23,9,287,10,"Portugal,+Pedrogao+Grande"
2021-07-07,24,12,0.0,13.5,4,16,02:55 AM,06:12 PM,05:11 AM,08:04 PM,11,18,18,18,15,44,74,0.0,1020,24,6,250,11,"Portugal,+Pedrogao+Grande"
2021-07-08,29,12,0.0,14.5,6,9,03:35 AM,07:09 PM,05:12 AM,08:03 PM,11,21,21,20,13,26,68,0.0,1022,29,8,215,10,"Portugal,+Pedrogao+Grande"
2021-07-09,32,14,0.0,14.5,7,3,04:22 AM,08:02 PM,05:13 AM,08:03 PM,12,24,24,23,10,0,61,0.0,1018,32,9,167,8,"Portugal,+Pedrogao+Grande"
2021-07-10,33,15,0.0,14.5,7,4,05:16 AM,08:49 PM,05:13 AM,08:03 PM,13,24,24,24,10,0,61,0.0,1015,33,10,210,8,"Portugal,+Pedrogao+Grande"
2021-07-11,29,16,0.0,14.5,6,11,06:16 AM,09:30 PM,05:14 AM,08:02 PM,13,23,23,22,13,12,64,0.0,1015,29,9,248,10,"Portugal,+Pedrogao+Grande"
2021-07-12,23,15,0.0,13.5,4,18,07:21 AM,10:05 PM,05:15 AM,08:02 PM,10,18,19,18,24,38,65,0.0,1020,23,10,330,18,"Portugal,+Pedrogao+Grande"
2021-07-13,27,11,0.0,14.5,5,25,08:27 AM,10:35 PM,05:15 AM,08:01 PM,10,18,19,18,15,23,68,0.0,1021,27,8,211,11,"Portugal,+Pedrogao+Grande"
2021-07-14,31,13,0.0,14.5,5,31,09:34 AM,11:03 PM,05:16 AM,08:01 PM,12,22,22,22,13,20,64,0.0,1016,31,7,212,10,"Portugal,+Pedrogao+Grande"
2021-07-15,38,17,0.0,14.5,8,38,10:41 AM,11:30 PM,05:17 AM,08:00 PM,9,29,29,28,12,3,41,0.0,1014,38,10,144,8,"Portugal,+Pedrogao+Grande"
2021-07-16,40,20,0.0,14.5,8,45,11:49 AM,11:56 PM,05:18 AM,08:00 PM,10,28,28,28,11,0,37,0.0,1014,40,10,200,8,"Portugal,+Pedrogao+Grande"
2021-07-17,36,20,0.0,14.4,8,52,12:59 PM,No moonset,05:19 AM,07:59 PM,11,27,27,27,9,0,45,0.0,1015,36,10,167,7,"Portugal,+Pedrogao+Grande"
2021-07-18,30,16,0.0,14.4,6,58,02:10 PM,12:23 AM,05:19 AM,07:58 PM,14,24,24,23,10,9,69,0.0,1016,30,7,261,8,"Portugal,+Pedrogao+Grande"
2021-07-19,27,17,0.0,13.4,5,65,03:25 PM,12:55 AM,05:20 AM,07:58 PM,14,21,21,20,15,45,71,0.0,1015,27,10,322,12,"Portugal,+Pedrogao+Grande"
2021-07-20,28,17,0.0,13.4,5,72,04:40 PM,01:32 AM,05:21 AM,07:57 PM,14,22,22,21,14,45,69,0.0,1016,28,9,327,11,"Portugal,+Pedrogao+Grande"
2021-07-21,29,16,0.0,13.4,5,79,05:54 PM,02:16 AM,05:22 AM,07:56 PM,14,22,22,22,13,34,69,0.0,1018,29,9,326,10,"Portugal,+Pedrogao+Grande"
2021-07-22,29,13,0.0,13.4,5,85,07:00 PM,03:10 AM,05:23 AM,07:55 PM,13,21,21,20,10,42,70,0.0,1017,29,6,247,8,"Portugal,+Pedrogao+Grande"
2021-07-23,26,15,0.0,12.3,5,92,07:57 PM,04:13 AM,05:24 AM,07:55 PM,14,21,21,20,10,39,71,0.0,1016,26,8,260,8,"Portugal,+Pedrogao+Grande"
2021-07-24,26,14,0.0,13.4,5,99,08:43 PM,05:24 AM,05:24 AM,07:54 PM,12,19,20,19,12,43,72,0.0,1016,26,6,253,9,"Portugal,+Pedrogao+Grande"
2021-07-25,26,13,0.0,13.4,5,94,09:21 PM,06:36 AM,05:25 AM,07:53 PM,13,19,20,19,13,48,74,0.0,1015,26,5,290,10,"Portugal,+Pedrogao+Grande"
2021-07-26,28,13,0.0,14.3,5,87,09:52 PM,07:47 AM,05:26 AM,07:52 PM,13,21,21,20,13,24,71,0.0,1016,28,6,251,10,"Portugal,+Pedrogao+Grande"
2021-07-27,28,14,0.0,14.2,6,81,10:18 PM,08:55 AM,05:27 AM,07:51 PM,13,22,22,21,13,27,71,0.0,1016,28,9,286,11,"Portugal,+Pedrogao+Grande"
2021-07-28,29,13,0.0,13.4,5,74,10:43 PM,10:00 AM,05:28 AM,07:50 PM,13,22,22,21,11,40,72,0.0,1013,29,6,252,9,"Portugal,+Pedrogao+Grande"
2021-07-29,27,14,0.0,13.4,5,67,11:06 PM,11:02 AM,05:29 AM,07:49 PM,13,20,20,20,12,31,73,0.0,1014,27,6,268,9,"Portugal,+Pedrogao+Grande"
2021-07-30,28,13,0.0,13.4,5,60,11:30 PM,12:02 PM,05:30 AM,07:48 PM,14,21,21,20,13,51,75,0.0,1017,28,5,274,10,"Portugal,+Pedrogao+Grande"
2021-07-31,24,13,0.0,13.4,4,54,11:54 PM,01:02 PM,05:31 AM,07:47 PM,11,18,18,18,18,36,71,0.0,1018,24,8,321,14,"Portugal,+Pedrogao+Grande"
2021-08-01,25,11,0.0,13.4,5,47,No moonrise,02:02 PM,05:32 AM,07:46 PM,10,18,19,18,11,36,69,0.0,1017,25,7,251,9,"Portugal,+Pedrogao+Grande"
2021-08-02,28,14,0.0,13.4,5,40,12:22 AM,03:03 PM,05:33 AM,07:45 PM,13,21,21,20,12,37,71,0.0,1015,28,7,208,9,"Portugal,+Pedrogao+Grande"
2021-08-03,28,13,0.0,13.4,5,33,12:54 AM,04:02 PM,05:33 AM,07:44 PM,12,19,20,19,12,53,72,0.0,1017,28,5,298,10,"Portugal,+Pedrogao+Grande"
2021-08-04,28,15,0.0,14.1,6,26,01:31 AM,05:01 PM,05:34 AM,07:43 PM,13,22,22,21,16,30,68,0.0,1019,28,8,332,13,"Portugal,+Pedrogao+Grande"
2021-08-05,29,13,0.0,13.4,5,20,02:15 AM,05:55 PM,05:35 AM,07:42 PM,14,21,21,21,14,39,73,0.0,1018,29,6,249,10,"Portugal,+Pedrogao+Grande"
2021-08-06,25,13,0.0,13.4,5,13,03:07 AM,06:44 PM,05:36 AM,07:41 PM,12,18,19,18,14,46,72,0.0,1014,25,6,322,10,"Portugal,+Pedrogao+Grande"
2021-08-07,25,14,0.0,12.2,5,6,04:05 AM,07:28 PM,05:37 AM,07:39 PM,12,18,19,18,9,40,74,0.0,1014,25,8,227,7,"Portugal,+Pedrogao+Grande"
2021-08-08,26,11,0.0,14.0,5,1,05:09 AM,08:05 PM,05:38 AM,07:38 PM,10,18,18,18,13,27,70,0.0,1017,26,7,256,10,"Portugal,+Pedrogao+Grande"
2021-08-09,28,12,0.0,13.3,5,7,06:16 AM,08:37 PM,05:39 AM,07:37 PM,12,20,20,19,10,39,71,0.0,1016,28,6,258,8,"Portugal,+Pedrogao+Grande"
2021-08-10,29,12,0.0,14.0,5,14,07:25 AM,09:06 PM,05:40 AM,07:36 PM,13,21,21,21,11,15,71,0.0,1016,29,7,218,8,"Portugal,+Pedrogao+Grande"
2021-08-11,31,14,0.0,13.9,5,21,08:33 AM,09:33 PM,05:41 AM,07:35 PM,14,22,22,22,9,42,70,0.0,1017,31,5,248,7,"Portugal,+Pedrogao+Grande"
2021-08-12,30,16,0.0,13.9,7,28,09:42 AM,09:59 PM,05:42 AM,07:33 PM,14,24,24,23,11,19,68,0.0,1019,30,9,282,8,"Portugal,+Pedrogao+Grande"
2021-08-13,36,16,0.0,13.9,7,34,10:51 AM,10:26 PM,05:43 AM,07:32 PM,12,26,26,26,10,0,58,0.0,1019,36,9,175,8,"Portugal,+Pedrogao+Grande"
2021-08-14,36,18,0.0,13.9,7,41,12:02 PM,10:56 PM,05:44 AM,07:31 PM,12,26,26,26,9,10,53,0.0,1017,36,10,207,7,"Portugal,+Pedrogao+Grande"
2021-08-15,33,14,0.0,13.8,7,48,01:15 PM,11:30 PM,05:45 AM,07:29 PM,12,24,24,24,11,16,62,0.0,1019,33,8,249,8,"Portugal,+Pedrogao+Grande"
2021-08-16,34,15,0.0,13.8,7,55,02:28 PM,No moonset,05:46 AM,07:28 PM,12,24,24,24,11,0,60,0.0,1019,34,9,208,8,"Portugal,+Pedrogao+Grande"
2021-08-17,33,15,0.0,13.8,7,62,03:41 PM,12:11 AM,05:47 AM,07:26 PM,11,24,24,24,13,0,58,0.0,1018,33,10,155,10,"Portugal,+Pedrogao+Grande"
2021-08-18,33,15,0.0,13.8,7,68,04:48 PM,01:00 AM,05:48 AM,07:25 PM,12,24,24,23,9,3,61,0.0,1016,33,10,200,7,"Portugal,+Pedrogao+Grande"
2021-08-19,29,13,0.0,13.3,5,75,05:47 PM,01:59 AM,05:48 AM,07:24 PM,12,21,21,21,10,39,71,0.0,1014,29,5,247,8,"Portugal,+Pedrogao+Grande"
2021-08-20,28,12,0.0,13.7,5,82,06:36 PM,03:05 AM,05:49 AM,07:22 PM,12,20,20,20,11,29,70,0.0,1015,28,6,251,8,"Portugal,+Pedrogao+Grande"
2021-08-21,29,14,0.0,13.7,5,89,07:17 PM,04:16 AM,05:50 AM,07:21 PM,15,22,22,21,11,20,74,0.0,1018,29,6,216,8,"Portugal,+Pedrogao+Grande"
2021-08-22,33,15,0.0,13.7,6,95,07:50 PM,05:27 AM,05:51 AM,07:19 PM,14,24,24,24,10,26,69,0.0,1018,33,7,204,8,"Portugal,+Pedrogao+Grande"
2021-08-23,39,17,0.0,13.7,7,98,08:18 PM,06:36 AM,05:52 AM,07:18 PM,14,27,27,27,10,5,56,0.0,1014,39,10,174,7,"Portugal,+Pedrogao+Grande"
2021-08-24,37,18,0.0,13.6,8,91,08:43 PM,07:43 AM,05:53 AM,07:16 PM,14,27,27,27,9,7,56,0.0,1011,37,10,203,6,"Portugal,+Pedrogao+Grande"
2021-08-25,34,17,0.0,13.6,7,84,09:07 PM,08:47 AM,05:54 AM,07:15 PM,15,25,25,25,9,15,65,0.0,1010,34,9,197,7,"Portugal,+Pedrogao+Grande"
2021-08-26,35,15,0.0,13.6,7,77,09:31 PM,09:49 AM,05:55 AM,07:13 PM,14,25,25,24,9,6,66,0.0,1013,35,8,245,7,"Portugal,+Pedrogao+Grande"
2021-08-27,35,15,0.0,13.6,7,71,09:55 PM,10:50 AM,05:56 AM,07:12 PM,13,25,25,25,10,0,63,0.0,1014,35,10,218,7,"Portugal,+Pedrogao+Grande"
2021-08-28,31,13,0.0,13.3,5,64,10:21 PM,11:51 AM,05:57 AM,07:10 PM,15,23,23,22,10,50,75,0.0,1016,31,5,228,7,"Portugal,+Pedrogao+Grande"
2021-08-29,29,14,0.0,12.1,5,57,10:51 PM,12:51 PM,05:58 AM,07:09 PM,14,22,22,21,9,54,75,0.0,1015,29,6,240,7,"Portugal,+Pedrogao+Grande"
2021-08-30,31,13,0.0,13.5,6,50,11:26 PM,01:52 PM,05:59 AM,07:07 PM,14,23,23,22,9,26,72,0.0,1014,31,8,224,7,"Portugal,+Pedrogao+Grande"
2021-08-31,33,14,0.0,13.1,7,44,No moonrise,02:50 PM,06:00 AM,07:05 PM,14,24,24,23,10,19,68,0.0,1014,33,8,182,7,"Portugal,+Pedrogao+Grande"
2021-09-01,32,16,0.0,9.1,6,37,12:07 AM,03:46 PM,06:01 AM,07:04 PM,14,24,24,23,9,41,65,2.0,1014,32,10,246,7,"Portugal,+Pedrogao+Grande"
2021-09-02,32,14,0.0,11.6,6,30,12:56 AM,04:37 PM,06:01 AM,07:02 PM,15,24,24,23,9,28,74,0.1,1016,32,6,257,7,"Portugal,+Pedrogao+Grande"
2021-09-03,31,14,0.0,11.6,6,23,01:52 AM,05:23 PM,06:02 AM,07:01 PM,15,24,24,23,9,40,74,0.0,1017,31,6,205,7,"Portugal,+Pedrogao+Grande"
2021-09-04,32,13,0.0,11.6,6,17,02:53 AM,06:02 PM,06:03 AM,06:59 PM,13,24,24,23,9,11,69,0.0,1014,32,7,211,7,"Portugal,+Pedrogao+Grande"
2021-09-05,37,15,0.0,11.6,7,10,04:00 AM,06:36 PM,06:04 AM,06:57 PM,10,26,26,26,9,16,48,0.0,1013,37,10,148,6,"Portugal,+Pedrogao+Grande"
2021-09-06,33,18,0.0,11.6,7,3,05:08 AM,07:07 PM,06:05 AM,06:56 PM,13,26,26,26,12,27,49,0.0,1012,33,10,169,9,"Portugal,+Pedrogao+Grande"
2021-09-07,27,18,0.0,6.2,5,4,06:18 AM,07:35 PM,06:06 AM,06:54 PM,16,23,23,22,15,74,74,3.6,1014,27,10,182,10,"Portugal,+Pedrogao+Grande"
2021-09-08,27,16,0.0,8.9,5,11,07:29 AM,08:02 PM,06:07 AM,06:53 PM,16,21,21,21,14,76,77,0.1,1015,27,5,209,10,"Portugal,+Pedrogao+Grande"
2021-09-09,27,17,0.0,11.6,6,17,08:39 AM,08:29 PM,06:08 AM,06:51 PM,16,22,22,21,10,38,74,0.1,1016,27,10,235,8,"Portugal,+Pedrogao+Grande"
2021-09-10,30,16,0.0,10.3,5,24,09:52 AM,08:58 PM,06:09 AM,06:49 PM,15,22,22,21,9,42,73,0.2,1018,30,8,255,7,"Portugal,+Pedrogao+Grande"
2021-09-11,27,14,0.0,11.6,5,31,11:05 AM,09:31 PM,06:10 AM,06:48 PM,12,20,20,20,6,21,67,0.0,1018,27,8,187,4,"Portugal,+Pedrogao+Grande"
2021-09-12,31,16,0.0,11.6,5,38,12:20 PM,10:09 PM,06:11 AM,06:46 PM,15,22,22,22,10,29,71,0.2,1012,31,8,163,7,"Portugal,+Pedrogao+Grande"
2021-09-13,26,17,0.0,10.2,5,44,01:33 PM,10:56 PM,06:12 AM,06:44 PM,15,21,21,20,19,43,73,35.1,1008,26,8,145,12,"Portugal,+Pedrogao+Grande"
2021-09-14,19,17,0.0,8.9,4,51,02:41 PM,11:51 PM,06:13 AM,06:43 PM,16,18,18,18,14,70,91,24.6,1009,19,8,109,8,"Portugal,+Pedrogao+Grande"
2021-09-15,23,16,0.0,7.5,4,58,03:42 PM,No moonset,06:13 AM,06:41 PM,16,18,18,18,8,64,87,3.0,1013,23,8,199,5,"Portugal,+Pedrogao+Grande"
2021-09-16,30,15,0.0,11.6,5,65,04:33 PM,12:54 AM,06:14 AM,06:39 PM,16,21,21,21,8,39,78,0.0,1017,30,6,180,6,"Portugal,+Pedrogao+Grande"
2021-09-17,26,15,0.0,11.6,5,72,05:16 PM,02:02 AM,06:15 AM,06:38 PM,15,19,19,19,11,54,80,0.0,1018,26,6,285,8,"Portugal,+Pedrogao+Grande"
2021-09-18,28,12,0.0,11.6,5,78,05:50 PM,03:12 AM,06:16 AM,06:36 PM,12,18,18,18,11,7,72,0.0,1018,28,8,255,8,"Portugal,+Pedrogao+Grande"
2021-09-19,26,12,0.0,11.6,6,85,06:19 PM,04:21 AM,06:17 AM,06:34 PM,12,18,18,18,12,3,74,0.0,1020,26,9,215,8,"Portugal,+Pedrogao+Grande"
2021-09-20,28,12,0.0,11.6,5,92,06:45 PM,05:28 AM,06:18 AM,06:33 PM,12,19,19,19,13,28,68,0.0,1019,28,7,137,10,"Portugal,+Pedrogao+Grande"
2021-09-21,29,14,0.0,11.6,6,99,07:09 PM,06:33 AM,06:19 AM,06:31 PM,7,20,20,20,26,3,43,0.0,1019,29,10,53,18,"Portugal,+Pedrogao+Grande"
2021-09-22,29,14,0.0,11.6,6,95,07:32 PM,07:36 AM,06:20 AM,06:29 PM,9,20,20,20,19,17,51,0.0,1017,29,10,87,12,"Portugal,+Pedrogao+Grande"
2021-09-23,23,14,0.0,6.0,4,88,07:56 PM,08:37 AM,06:21 AM,06:28 PM,13,17,18,17,13,75,76,14.3,1015,23,9,84,7,"Portugal,+Pedrogao+Grande"
2021-09-24,23,14,0.0,6.0,4,81,08:21 PM,09:39 AM,06:22 AM,06:26 PM,14,18,19,18,10,78,81,15.5,1012,23,9,143,6,"Portugal,+Pedrogao+Grande"
2021-09-25,21,15,0.0,6.0,4,74,08:50 PM,10:39 AM,06:23 AM,06:24 PM,15,18,18,18,14,83,86,7.1,1015,21,9,177,9,"Portugal,+Pedrogao+Grande"
2021-09-26,24,14,0.0,11.6,4,68,09:22 PM,11:40 AM,06:24 AM,06:23 PM,13,18,18,18,8,31,79,0.0,1021,24,7,194,5,"Portugal,+Pedrogao+Grande"
2021-09-27,28,14,0.0,11.6,5,61,10:01 PM,12:40 PM,06:25 AM,06:21 PM,15,20,20,20,8,33,79,0.0,1023,28,6,185,6,"Portugal,+Pedrogao+Grande"
2021-09-28,24,13,0.0,11.6,5,54,10:45 PM,01:37 PM,06:26 AM,06:19 PM,11,18,18,18,13,18,71,0.0,1024,24,9,329,10,"Portugal,+Pedrogao+Grande"
2021-09-29,29,10,0.0,11.6,6,47,11:38 PM,02:29 PM,06:27 AM,06:18 PM,10,18,18,18,12,3,68,0.0,1026,29,10,104,9,"Portugal,+Pedrogao+Grande"
2021-09-30,29,12,0.0,11.6,6,40,No moonrise,03:17 PM,06:28 AM,06:16 PM,10,18,18,18,11,5,64,0.0,1024,29,10,142,7,"Portugal,+Pedrogao+Grande"
2021-10-01,24,13,0.0,10.2,4,34,12:36 AM,03:58 PM,06:29 AM,06:15 PM,13,18,18,18,10,40,79,0.0,1022,24,7,304,7,"Portugal,+Pedrogao+Grande"
2021-10-02,23,15,0.0,8.8,4,27,01:41 AM,04:34 PM,06:30 AM,06:13 PM,16,18,19,18,9,83,87,0.2,1017,23,5,250,7,"Portugal,+Pedrogao+Grande"
2021-10-03,19,12,0.0,8.8,4,20,02:48 AM,05:06 PM,06:31 AM,06:11 PM,12,17,17,17,21,65,75,22.6,1015,19,9,303,16,"Portugal,+Pedrogao+Grande"
2021-10-04,20,11,0.0,10.2,4,13,03:57 AM,05:34 PM,06:32 AM,06:10 PM,9,15,15,15,8,55,72,0.0,1022,20,10,208,6,"Portugal,+Pedrogao+Grande"
2021-10-05,25,12,0.0,7.3,4,7,05:07 AM,06:01 PM,06:33 AM,06:08 PM,14,17,18,17,12,69,82,1.8,1021,25,9,263,8,"Portugal,+Pedrogao+Grande"
2021-10-06,30,13,0.0,11.6,5,0,06:19 AM,06:28 PM,06:34 AM,06:07 PM,13,19,19,19,11,24,72,0.0,1021,30,7,74,7,"Portugal,+Pedrogao+Grande"
2021-10-07,31,15,0.0,11.6,6,7,07:33 AM,06:57 PM,06:35 AM,06:05 PM,11,20,20,20,11,23,57,0.0,1018,31,10,200,6,"Portugal,+Pedrogao+Grande"
2021-10-08,30,14,0.0,11.6,6,14,08:48 AM,07:29 PM,06:36 AM,06:04 PM,10,19,19,20,9,3,58,0.0,1019,30,10,142,6,"Portugal,+Pedrogao+Grande"
2021-10-09,28,13,0.0,10.2,5,21,10:05 AM,08:06 PM,06:37 AM,06:02 PM,13,19,19,19,6,30,76,0.0,1018,28,7,167,4,"Portugal,+Pedrogao+Grande"
2021-10-10,29,14,0.0,11.6,6,27,11:22 AM,08:51 PM,06:38 AM,06:01 PM,8,20,20,20,12,33,50,0.0,1016,29,10,58,7,"Portugal,+Pedrogao+Grande"
2021-10-11,29,15,0.0,8.7,6,34,12:34 PM,09:45 PM,06:39 AM,05:59 PM,8,21,21,21,14,28,46,0.0,1016,29,10,73,8,"Portugal,+Pedrogao+Grande"
2021-10-12,31,14,0.0,8.7,6,41,01:39 PM,10:46 PM,06:40 AM,05:58 PM,7,20,20,20,15,9,45,0.0,1017,31,10,58,9,"Portugal,+Pedrogao+Grande"
2021-10-13,31,13,0.0,8.7,6,48,02:33 PM,11:53 PM,06:41 AM,05:56 PM,4,19,19,20,13,0,38,0.0,1017,31,10,59,8,"Portugal,+Pedrogao+Grande"
2021-10-14,28,13,0.0,8.7,6,54,03:17 PM,No moonset,06:42 AM,05:55 PM,2,19,18,19,10,15,35,0.0,1018,28,10,167,6,"Portugal,+Pedrogao+Grande"
2021-10-15,26,12,0.0,8.7,5,61,03:53 PM,01:03 AM,06:43 AM,05:53 PM,5,17,17,17,8,15,48,0.0,1020,26,10,181,5,"Portugal,+Pedrogao+Grande"
2021-10-16,18,13,0.0,8.7,4,68,04:23 PM,02:11 AM,06:44 AM,05:52 PM,10,16,16,16,4,56,71,1.0,1017,18,10,127,2,"Portugal,+Pedrogao+Grande"
2021-10-17,25,15,0.0,5.7,4,75,04:49 PM,03:18 AM,06:45 AM,05:50 PM,14,18,18,18,8,81,80,0.6,1018,25,9,168,5,"Portugal,+Pedrogao+Grande"
2021-10-18,27,16,0.0,7.2,5,81,05:13 PM,04:22 AM,06:46 AM,05:49 PM,16,20,20,20,7,41,81,0.0,1020,27,7,196,4,"Portugal,+Pedrogao+Grande"
2021-10-19,29,17,0.0,8.7,6,88,05:36 PM,05:25 AM,06:47 AM,05:47 PM,15,21,21,21,10,11,72,0.0,1021,29,10,167,7,"Portugal,+Pedrogao+Grande"
2021-10-20,21,15,0.0,4.1,4,95,05:59 PM,06:26 AM,06:48 AM,05:46 PM,14,17,18,17,8,45,83,0.3,1022,21,9,239,5,"Portugal,+Pedrogao+Grande"
2021-10-21,21,12,0.0,8.7,4,98,06:23 PM,07:28 AM,06:49 AM,05:45 PM,12,16,16,16,13,43,79,0.0,1022,21,7,293,10,"Portugal,+Pedrogao+Grande"
2021-10-22,25,9,0.0,8.7,5,91,06:50 PM,08:29 AM,06:50 AM,05:43 PM,8,15,15,15,13,4,68,0.0,1021,25,9,78,9,"Portugal,+Pedrogao+Grande"
2021-10-23,21,9,0.0,5.6,4,85,07:21 PM,09:30 AM,06:52 AM,05:42 PM,6,14,15,14,9,36,61,0.0,1021,21,10,134,5,"Portugal,+Pedrogao+Grande"
2021-10-24,23,10,0.0,8.7,5,78,07:57 PM,10:30 AM,06:53 AM,05:40 PM,7,15,15,15,7,15,63,0.0,1022,23,10,155,5,"Portugal,+Pedrogao+Grande"
2021-10-25,23,10,0.0,8.7,4,71,08:39 PM,11:29 AM,06:54 AM,05:39 PM,10,15,15,15,10,12,78,0.0,1023,23,8,182,7,"Portugal,+Pedrogao+Grande"
2021-10-26,24,10,0.0,8.7,5,64,09:28 PM,12:22 PM,06:55 AM,05:38 PM,8,15,15,15,9,3,65,0.0,1021,24,9,132,5,"Portugal,+Pedrogao+Grande"
2021-10-27,28,11,0.0,8.7,5,58,10:23 PM,01:12 PM,06:56 AM,05:37 PM,6,17,17,17,8,1,52,0.0,1021,28,10,179,5,"Portugal,+Pedrogao+Grande"
2021-10-28,22,10,0.0,7.1,4,51,11:24 PM,01:54 PM,06:57 AM,05:35 PM,7,15,16,15,9,35,59,0.0,1017,22,10,171,6,"Portugal,+Pedrogao+Grande"
2021-10-29,17,15,0.0,4.0,4,44,No moonrise,02:31 PM,06:58 AM,05:34 PM,15,16,16,16,18,98,93,25.7,1012,17,7,193,11,"Portugal,+Pedrogao+Grande"
2021-10-30,20,17,0.0,4.0,4,37,12:28 AM,03:04 PM,06:59 AM,05:33 PM,18,19,19,19,40,100,95,46.5,1007,20,7,222,26,"Portugal,+Pedrogao+Grande"
2021-10-31,19,16,0.0,3.9,4,30,01:35 AM,03:33 PM,07:01 AM,05:32 PM,18,18,18,18,27,100,96,40.3,1012,19,8,222,18,"Portugal,+Pedrogao+Grande"
2021-11-01,18,11,0.0,7.1,4,24,02:43 AM,04:00 PM,07:02 AM,05:30 PM,11,15,15,15,12,59,82,10.3,1017,18,9,323,9,"Portugal,+Pedrogao+Grande"
2021-11-02,17,12,0.0,3.8,3,17,03:54 AM,04:26 PM,07:03 AM,05:29 PM,10,13,13,13,11,77,79,4.1,1016,17,10,219,7,"Portugal,+Pedrogao+Grande"
2021-11-03,14,8,0.0,3.8,3,10,05:06 AM,04:54 PM,07:04 AM,05:28 PM,8,9,10,9,12,65,86,8.8,1014,14,9,301,7,"Portugal,+Pedrogao+Grande"
2021-11-04,16,7,0.0,8.7,4,3,06:21 AM,05:24 PM,07:05 AM,05:27 PM,5,10,10,10,9,17,74,0.0,1017,16,10,141,6,"Portugal,+Pedrogao+Grande"
2021-11-05,19,5,0.0,8.7,4,3,07:40 AM,05:59 PM,07:06 AM,05:26 PM,4,10,10,10,13,2,64,0.0,1024,19,10,53,8,"Portugal,+Pedrogao+Grande"
2021-11-06,19,6,0.0,8.7,4,10,08:59 AM,06:41 PM,07:07 AM,05:25 PM,3,9,10,9,17,0,61,0.0,1027,19,10,50,11,"Portugal,+Pedrogao+Grande"
2021-11-07,20,6,0.0,8.7,4,17,10:17 AM,07:33 PM,07:09 AM,05:24 PM,3,10,11,10,15,5,62,0.0,1026,20,10,50,9,"Portugal,+Pedrogao+Grande"
2021-11-08,23,8,0.0,8.7,4,24,11:28 AM,08:34 PM,07:10 AM,05:23 PM,4,13,13,13,11,27,55,0.0,1023,23,10,84,7,"Portugal,+Pedrogao+Grande"
2021-11-09,23,9,0.0,8.7,5,30,12:28 PM,09:42 PM,07:11 AM,05:22 PM,8,14,14,14,11,7,68,0.0,1019,23,10,53,7,"Portugal,+Pedrogao+Grande"
2021-11-10,21,9,0.0,8.7,4,37,01:17 PM,10:53 PM,07:12 AM,05:21 PM,4,12,13,12,12,1,57,0.0,1019,21,10,67,7,"Portugal,+Pedrogao+Grande"
2021-11-11,22,9,0.0,8.7,5,44,01:56 PM,No moonset,07:13 AM,05:20 PM,6,13,14,13,7,1,63,0.0,1020,22,10,145,4,"Portugal,+Pedrogao+Grande"
2021-11-12,21,8,0.0,8.7,4,51,02:28 PM,12:03 AM,07:14 AM,05:19 PM,7,13,13,13,8,25,71,0.0,1019,21,10,137,4,"Portugal,+Pedrogao+Grande"
2021-11-13,21,8,0.0,8.7,4,58,02:55 PM,01:11 AM,07:16 AM,05:18 PM,5,13,13,13,8,12,64,0.0,1020,21,10,139,4,"Portugal,+Pedrogao+Grande"
2021-11-14,20,8,0.0,8.7,4,64,03:19 PM,02:15 AM,07:17 AM,05:17 PM,6,13,13,13,10,4,67,0.0,1019,20,10,128,5,"Portugal,+Pedrogao+Grande"
2021-11-15,22,7,0.0,8.7,3,71,03:42 PM,03:18 AM,07:18 AM,05:17 PM,5,12,12,12,11,15,64,0.0,1020,22,10,57,7,"Portugal,+Pedrogao+Grande"
2021-11-16,21,8,0.0,8.7,4,78,04:04 PM,04:18 AM,07:19 AM,05:16 PM,5,11,12,11,14,37,62,0.0,1020,21,10,54,9,"Portugal,+Pedrogao+Grande"
2021-11-17,20,7,0.0,8.7,4,85,04:27 PM,05:19 AM,07:20 AM,05:15 PM,5,11,12,11,17,5,63,0.0,1022,20,10,61,11,"Portugal,+Pedrogao+Grande"
2021-11-18,20,7,0.0,8.7,4,91,04:53 PM,06:20 AM,07:21 AM,05:14 PM,4,11,12,11,19,1,61,0.0,1024,20,10,68,12,"Portugal,+Pedrogao+Grande"
2021-11-19,20,8,0.0,8.7,4,98,05:22 PM,07:21 AM,07:22 AM,05:14 PM,5,11,12,11,19,11,62,0.0,1022,20,10,76,11,"Portugal,+Pedrogao+Grande"
2021-11-20,20,9,0.0,8.7,4,95,05:56 PM,08:22 AM,07:24 AM,05:13 PM,6,13,13,13,16,31,64,0.0,1021,20,10,98,9,"Portugal,+Pedrogao+Grande"
2021-11-21,19,9,0.0,8.7,4,88,06:36 PM,09:21 AM,07:25 AM,05:12 PM,7,12,12,12,9,18,76,0.0,1017,19,10,161,5,"Portugal,+Pedrogao+Grande"
2021-11-22,15,7,0.0,8.7,4,81,07:22 PM,10:17 AM,07:26 AM,05:12 PM,5,9,10,9,13,10,73,0.0,1016,15,10,98,9,"Portugal,+Pedrogao+Grande"
2021-11-23,13,2,0.0,7.0,2,75,08:15 PM,11:08 AM,07:27 AM,05:11 PM,2,5,6,5,9,23,78,0.0,1015,13,10,87,6,"Portugal,+Pedrogao+Grande"
2021-11-24,13,5,0.0,5.4,2,68,09:14 PM,11:53 AM,07:28 AM,05:11 PM,4,7,8,7,9,53,77,0.0,1017,13,10,203,5,"Portugal,+Pedrogao+Grande"
2021-11-25,12,5,0.0,3.7,2,61,10:15 PM,12:31 PM,07:29 AM,05:10 PM,5,7,8,7,9,72,83,7.9,1011,12,10,228,5,"Portugal,+Pedrogao+Grande"
2021-11-26,14,4,0.0,8.7,3,54,11:20 PM,01:04 PM,07:30 AM,05:10 PM,3,6,7,6,12,24,76,0.0,1015,14,10,190,7,"Portugal,+Pedrogao+Grande"
2021-11-27,12,5,0.0,3.7,3,48,No moonrise,01:34 PM,07:31 AM,05:09 PM,4,8,9,8,18,79,73,1.9,1016,12,10,289,13,"Portugal,+Pedrogao+Grande"
2021-11-28,12,7,0.0,3.7,3,41,12:25 AM,02:00 PM,07:32 AM,05:09 PM,6,8,9,8,15,78,82,2.6,1021,12,10,324,10,"Portugal,+Pedrogao+Grande"
2021-11-29,14,8,0.0,3.7,3,34,01:33 AM,02:25 PM,07:33 AM,05:09 PM,8,10,11,10,15,84,83,2.9,1024,14,10,287,10,"Portugal,+Pedrogao+Grande"
2021-11-30,16,6,0.0,8.7,4,27,02:41 AM,02:51 PM,07:34 AM,05:08 PM,5,9,9,9,8,15,75,0.0,1025,16,10,78,4,"Portugal,+Pedrogao+Grande"
2021-12-01,14,7,0.0,5.3,3,21,03:53 AM,03:19 PM,07:35 AM,05:08 PM,7,9,10,9,11,58,83,1.2,1024,14,10,204,7,"Portugal,+Pedrogao+Grande"
2021-12-02,14,7,0.0,5.3,3,14,05:08 AM,03:51 PM,07:36 AM,05:08 PM,6,9,10,9,21,57,75,1.8,1021,14,10,335,14,"Portugal,+Pedrogao+Grande"
2021-12-03,13,4,0.0,7.0,2,7,06:27 AM,04:29 PM,07:37 AM,05:08 PM,5,8,8,8,8,43,80,0.0,1027,13,9,162,5,"Portugal,+Pedrogao+Grande"
2021-12-04,17,9,0.0,5.3,3,0,07:48 AM,05:17 PM,07:38 AM,05:08 PM,10,11,11,11,14,59,90,3.2,1027,17,9,262,9,"Portugal,+Pedrogao+Grande"
2021-12-05,14,6,0.0,3.6,3,7,09:04 AM,06:14 PM,07:39 AM,05:08 PM,6,9,10,9,17,61,76,0.7,1028,14,9,332,12,"Portugal,+Pedrogao+Grande"
2021-12-06,13,7,0.0,5.3,3,13,10:12 AM,07:22 PM,07:40 AM,05:08 PM,8,10,10,10,6,66,90,0.0,1028,13,6,148,4,"Portugal,+Pedrogao+Grande"
2021-12-07,16,10,0.0,3.6,3,20,11:09 AM,08:34 PM,07:41 AM,05:07 PM,11,12,12,12,19,90,91,4.7,1021,16,9,231,13,"Portugal,+Pedrogao+Grande"
2021-12-08,11,9,0.0,5.3,3,27,11:54 AM,09:48 PM,07:42 AM,05:07 PM,7,8,10,8,31,80,79,4.4,1020,11,10,300,21,"Portugal,+Pedrogao+Grande"
2021-12-09,13,8,0.0,3.6,3,34,12:29 PM,10:59 PM,07:43 AM,05:08 PM,10,11,12,11,21,96,89,3.6,1025,13,10,290,14,"Portugal,+Pedrogao+Grande"
2021-12-10,15,10,0.0,3.6,3,40,12:58 PM,No moonset,07:44 AM,05:08 PM,12,12,13,12,19,86,96,3.6,1025,15,7,291,12,"Portugal,+Pedrogao+Grande"
2021-12-11,18,9,0.0,8.7,3,47,01:24 PM,12:06 AM,07:44 AM,05:08 PM,10,12,12,12,9,36,88,0.3,1026,18,7,179,6,"Portugal,+Pedrogao+Grande"
2021-12-12,19,8,0.0,8.7,3,54,01:47 PM,01:10 AM,07:45 AM,05:08 PM,8,12,12,12,9,6,81,0.0,1025,19,7,85,5,"Portugal,+Pedrogao+Grande"
2021-12-13,19,9,0.0,8.7,4,61,02:09 PM,02:12 AM,07:46 AM,05:08 PM,8,12,12,12,12,22,75,0.0,1021,19,10,126,7,"Portugal,+Pedrogao+Grande"
2021-12-14,19,9,0.0,8.7,4,68,02:32 PM,03:13 AM,07:47 AM,05:08 PM,6,11,12,11,13,15,71,0.0,1022,19,10,85,7,"Portugal,+Pedrogao+Grande"
2021-12-15,18,7,0.0,8.7,4,74,02:57 PM,04:13 AM,07:47 AM,05:09 PM,3,10,11,10,13,7,60,0.0,1022,18,10,78,7,"Portugal,+Pedrogao+Grande"
2021-12-16,18,7,0.0,8.7,4,81,03:25 PM,05:14 AM,07:48 AM,05:09 PM,3,10,11,10,15,4,59,0.0,1023,18,10,88,8,"Portugal,+Pedrogao+Grande"
2021-12-17,17,6,0.0,8.7,4,88,03:57 PM,06:14 AM,07:49 AM,05:09 PM,3,9,10,9,15,4,64,0.0,1025,17,10,80,8,"Portugal,+Pedrogao+Grande"
2021-12-18,18,6,0.0,8.7,4,95,04:34 PM,07:14 AM,07:49 AM,05:10 PM,1,9,10,9,16,14,57,0.0,1024,18,10,91,9,"Portugal,+Pedrogao+Grande"
2021-12-19,16,6,0.0,7.0,3,100,05:19 PM,08:11 AM,07:50 AM,05:10 PM,3,8,10,8,19,28,65,0.0,1021,16,10,93,11,"Portugal,+Pedrogao+Grande"
2021-12-20,15,11,0.0,3.6,3,92,06:10 PM,09:04 AM,07:50 AM,05:11 PM,7,11,13,11,23,88,72,1.2,1017,15,10,128,15,"Portugal,+Pedrogao+Grande"
2021-12-21,17,11,0.0,5.3,3,85,07:07 PM,09:51 AM,07:51 AM,05:11 PM,11,13,14,13,25,71,85,2.6,1015,17,10,129,15,"Portugal,+Pedrogao+Grande"
2021-12-22,17,13,0.0,3.6,3,78,08:08 PM,10:31 AM,07:51 AM,05:12 PM,12,13,14,13,20,69,85,4.6,1015,17,10,156,12,"Portugal,+Pedrogao+Grande"
2021-12-23,13,11,0.0,3.6,3,72,09:12 PM,11:06 AM,07:52 AM,05:12 PM,11,11,12,11,16,87,90,27.8,1014,13,7,149,10,"Portugal,+Pedrogao+Grande"
2021-12-24,15,10,0.0,3.6,3,65,10:15 PM,11:36 AM,07:52 AM,05:13 PM,10,10,11,10,21,72,91,5.0,1011,15,7,161,13,"Portugal,+Pedrogao+Grande"
2021-12-25,14,10,0.0,3.6,3,58,11:20 PM,12:03 PM,07:53 AM,05:13 PM,11,11,13,11,30,89,92,26.4,1004,14,7,233,19,"Portugal,+Pedrogao+Grande"
2021-12-26,17,10,0.0,5.3,3,51,No moonrise,12:27 PM,07:53 AM,05:14 PM,13,13,13,13,18,88,95,10.3,1011,17,6,188,12,"Portugal,+Pedrogao+Grande"
2021-12-27,16,13,0.0,3.6,3,44,12:26 AM,12:52 PM,07:53 AM,05:15 PM,13,13,14,13,26,79,91,7.6,1015,16,10,241,17,"Portugal,+Pedrogao+Grande"
2021-12-28,16,12,0.0,3.6,3,38,01:34 AM,01:18 PM,07:54 AM,05:15 PM,12,14,14,14,13,88,88,0.2,1022,16,10,184,9,"Portugal,+Pedrogao+Grande"
2021-12-29,20,12,0.0,8.7,4,31,02:44 AM,01:47 PM,07:54 AM,05:16 PM,12,16,16,16,7,43,80,0.2,1025,20,9,150,4,"Portugal,+Pedrogao+Grande"
2021-12-30,23,10,0.0,8.7,5,24,03:59 AM,02:20 PM,07:54 AM,05:17 PM,9,13,14,13,11,0,74,0.0,1023,23,10,119,6,"Portugal,+Pedrogao+Grande"
